0.000000000000000000e+00,-7.521084733995436977e+01
2.000000000000000111e-01,-7.472418752938757791e+01
4.000000000000000222e-01,-7.543712711314250896e+01
6.000000000000000888e-01,-7.564804935250043627e+01
8.000000000000000444e-01,-7.526467375048996189e+01
1.000000000000000000e+00,-7.526695587583928670e+01
1.200000000000000178e+00,-7.554852564184287189e+01
1.400000000000000133e+00,-7.566977159231110761e+01
1.600000000000000089e+00,-7.542217120812317432e+01
1.800000000000000044e+00,-7.560393486658057327e+01
2.000000000000000000e+00,-7.590106907631431454e+01
2.200000000000000178e+00,-7.536810098850288853e+01
2.400000000000000355e+00,-7.574955965806624647e+01
2.600000000000000089e+00,-7.571383853600922009e+01
2.800000000000000266e+00,-7.625340773600714783e+01
3.000000000000000000e+00,-7.601259919601707793e+01
3.200000000000000178e+00,-7.578059474742595114e+01
3.400000000000000355e+00,-7.606643275448345776e+01
3.600000000000000089e+00,-7.564451190797014135e+01
3.800000000000000266e+00,-7.578575791667236672e+01
4.000000000000000000e+00,-7.542050938296453921e+01
4.200000000000000178e+00,-7.550767444747536672e+01
4.400000000000000355e+00,-7.559568741565099970e+01
4.600000000000000533e+00,-7.579050470717116639e+01
4.800000000000000711e+00,-7.616730168315453398e+01
5.000000000000000000e+00,-7.562532028799564898e+01
5.200000000000000178e+00,-7.586676295515403012e+01
5.400000000000000355e+00,-7.551601262383285018e+01
5.600000000000000533e+00,-7.556006657215836242e+01
5.800000000000000711e+00,-7.581985594947624918e+01
6.000000000000000000e+00,-7.578060921035608999e+01
6.200000000000000178e+00,-7.592237432871469593e+01
6.400000000000000355e+00,-7.531568731795044869e+01
6.600000000000000533e+00,-7.576719813364208278e+01
6.800000000000000711e+00,-7.515184101668538119e+01
7.000000000000000000e+00,-7.567638196394665329e+01
7.200000000000000178e+00,-7.510271747337537818e+01
7.400000000000000355e+00,-7.546651429936396482e+01
7.600000000000000533e+00,-7.565345540367371768e+01
7.800000000000000711e+00,-7.519761526483137004e+01
8.000000000000000000e+00,-7.505679464263280920e+01
8.200000000000001066e+00,-7.532398634840609475e+01
8.400000000000000355e+00,-7.557001570783313582e+01
8.599999999999999645e+00,-7.528249311723784842e+01
8.800000000000000711e+00,-7.466670731187109311e+01
9.000000000000000000e+00,-7.518378146774264792e+01
9.200000000000001066e+00,-7.497116099598353856e+01
9.400000000000000355e+00,-7.508023238193077020e+01
9.600000000000001421e+00,-7.502862292453089310e+01
9.800000000000000711e+00,-7.546061823949480640e+01
1.000000000000000000e+01,-7.513787314286835795e+01
1.020000000000000107e+01,-7.506387889117520729e+01
1.040000000000000036e+01,-7.520543665491241825e+01
1.060000000000000142e+01,-7.477785935327666778e+01
1.080000000000000071e+01,-7.566193346017904275e+01
1.100000000000000000e+01,-7.569524391728040769e+01
1.120000000000000107e+01,-7.513086462066220861e+01
1.140000000000000036e+01,-7.544080125145670479e+01
1.160000000000000142e+01,-7.548118439567561211e+01
1.180000000000000071e+01,-7.533014877736610515e+01
1.200000000000000000e+01,-7.474646042644594957e+01
1.220000000000000107e+01,-7.511198251011150262e+01
1.240000000000000036e+01,-7.484241604107337764e+01
1.260000000000000142e+01,-7.506596402043570038e+01
1.280000000000000071e+01,-7.476597073921733738e+01
1.300000000000000000e+01,-7.548202612552243806e+01
1.320000000000000107e+01,-7.519728506091345821e+01
1.340000000000000036e+01,-7.506214908704920674e+01
1.360000000000000142e+01,-7.480444701331656177e+01
1.380000000000000071e+01,-7.500223852041926875e+01
1.400000000000000000e+01,-7.484091418064610934e+01
1.420000000000000107e+01,-7.489597705390626459e+01
1.440000000000000036e+01,-7.507416605024864964e+01
1.460000000000000142e+01,-7.516947972906807252e+01
1.480000000000000071e+01,-7.502990443986006142e+01
1.500000000000000000e+01,-7.513081871613086093e+01
1.520000000000000107e+01,-7.515306732565520065e+01
1.540000000000000036e+01,-7.507247041984822999e+01
1.560000000000000142e+01,-7.477619532451332418e+01
1.580000000000000071e+01,-7.522873998992550071e+01
1.600000000000000000e+01,-7.500884266922805921e+01
1.619999999999999929e+01,-7.517222499799970592e+01
1.640000000000000213e+01,-7.529642641440241846e+01
1.660000000000000142e+01,-7.534448244322831556e+01
1.680000000000000071e+01,-7.521664959063663503e+01
1.700000000000000000e+01,-7.549001824194695587e+01
1.719999999999999929e+01,-7.532420203757951072e+01
1.740000000000000213e+01,-7.474048778756947797e+01
1.760000000000000142e+01,-7.505907978366042244e+01
1.780000000000000071e+01,-7.531150973443318719e+01
1.800000000000000000e+01,-7.456892197330697059e+01
1.819999999999999929e+01,-7.531564281850445752e+01
1.840000000000000213e+01,-7.558422451802745456e+01
1.860000000000000142e+01,-7.523580494364365734e+01
1.880000000000000071e+01,-7.521146568602763693e+01
1.900000000000000000e+01,-7.521124737590071163e+01
1.920000000000000284e+01,-7.464657497922001994e+01
1.940000000000000213e+01,-7.496523766983447956e+01
1.960000000000000142e+01,-7.530412286898389596e+01
1.980000000000000071e+01,-7.471793809528293195e+01
2.000000000000000000e+01,-7.519349585256580326e+01
2.020000000000000284e+01,-7.042100532832546378e+01
2.040000000000000213e+01,-6.569795493911766471e+01
2.060000000000000142e+01,-6.104643196610583544e+01
2.080000000000000071e+01,-5.252712492793423138e+01
2.100000000000000000e+01,-3.002814202593457082e+01
2.120000000000000284e+01,2.850455648760658178e+01
2.140000000000000213e+01,3.372783169144222626e+01
2.160000000000000142e+01,3.047599432397521468e+01
2.180000000000000071e+01,2.630236685459031065e+01
2.200000000000000000e+01,2.057338424043689074e+01
2.220000000000000284e+01,1.391406380338691307e+01
2.240000000000000213e+01,7.468571973250773155e+00
2.260000000000000142e+01,7.607260496946885997e-01
2.280000000000000071e+01,-5.927314481116976452e+00
2.300000000000000000e+01,-1.299237438726373739e+01
2.320000000000000284e+01,-1.975666638181793644e+01
2.340000000000000213e+01,-2.667608117425381664e+01
2.360000000000000142e+01,-3.323850319150071186e+01
2.380000000000000071e+01,-3.944356122304093049e+01
2.400000000000000000e+01,-4.572538669931994804e+01
2.420000000000000284e+01,-5.221044723627567663e+01
2.440000000000000213e+01,-6.046359106621475377e+01
2.460000000000000142e+01,-6.917960070264005878e+01
2.480000000000000071e+01,-7.819996690223257474e+01
2.500000000000000000e+01,-8.273503218815223192e+01
2.520000000000000284e+01,-8.433589355789656850e+01
2.540000000000000213e+01,-8.473170434283737507e+01
2.560000000000000142e+01,-8.522046444699171275e+01
2.580000000000000071e+01,-8.496455965311206171e+01
2.600000000000000000e+01,-8.477760682309683204e+01
2.620000000000000284e+01,-8.470181870297462012e+01
2.640000000000000213e+01,-8.498077680501521058e+01
2.660000000000000142e+01,-8.508251174897388580e+01
2.680000000000000071e+01,-8.495505641969569410e+01
2.700000000000000000e+01,-8.458431942290279437e+01
2.720000000000000284e+01,-8.473277519874839925e+01
2.740000000000000213e+01,-8.413605145111523598e+01
2.760000000000000142e+01,-8.448761938682361006e+01
2.780000000000000071e+01,-8.378055905797572223e+01
2.800000000000000000e+01,-8.427512752289779030e+01
2.820000000000000284e+01,-8.377348971899439789e+01
2.840000000000000213e+01,-8.310767682429556658e+01
2.860000000000000142e+01,-8.374220252723387148e+01
2.880000000000000071e+01,-8.311077877439767292e+01
2.900000000000000000e+01,-8.332164552377382449e+01
2.920000000000000284e+01,-8.314583750497989456e+01
2.940000000000000213e+01,-8.272018045314032975e+01
2.960000000000000142e+01,-8.263476898409770399e+01
2.980000000000000071e+01,-8.229036617037594681e+01
3.000000000000000000e+01,-8.258439842005023479e+01
3.020000000000000284e+01,-8.190440681441241111e+01
3.040000000000000213e+01,-8.186236819401312914e+01
3.060000000000000142e+01,-8.202693256515132703e+01
3.080000000000000071e+01,-8.119397662997511134e+01
3.100000000000000000e+01,-8.140383045122155181e+01
3.120000000000000284e+01,-8.128808706855464550e+01
3.140000000000000213e+01,-8.113398864146354583e+01
3.160000000000000142e+01,-8.088993628506439393e+01
3.180000000000000071e+01,-8.099113211015260561e+01
3.200000000000000000e+01,-8.051056992668095802e+01
3.220000000000000284e+01,-8.017958961816655972e+01
3.239999999999999858e+01,-8.012029594025824508e+01
3.260000000000000142e+01,-8.012019992690007086e+01
3.280000000000000426e+01,-8.004099019295296102e+01
3.300000000000000000e+01,-7.948780838995935483e+01
3.320000000000000284e+01,-7.948451818600143781e+01
3.339999999999999858e+01,-7.968244440603211842e+01
3.360000000000000142e+01,-7.950468493664742198e+01
3.380000000000000426e+01,-7.967358139064205602e+01
3.400000000000000000e+01,-7.879158395760755695e+01
3.420000000000000284e+01,-7.899416952347861809e+01
3.439999999999999858e+01,-7.899628839922161205e+01
3.460000000000000142e+01,-7.870603919887234667e+01
3.480000000000000426e+01,-7.808789402491220244e+01
3.500000000000000000e+01,-7.805091588715892215e+01
3.520000000000000284e+01,-7.763249104835421122e+01
3.539999999999999858e+01,-7.849076781269030789e+01
3.560000000000000142e+01,-7.739772999670921649e+01
3.580000000000000426e+01,-7.776328811872529911e+01
3.600000000000000000e+01,-7.791169851085764719e+01
3.620000000000000284e+01,-7.728603978884981984e+01
3.639999999999999858e+01,-7.695633205722209880e+01
3.660000000000000142e+01,-7.715886754166245964e+01
3.680000000000000426e+01,-7.713481787899115716e+01
3.700000000000000000e+01,-7.748494033957757665e+01
3.720000000000000284e+01,-7.731624059060895604e+01
3.739999999999999858e+01,-7.697762781794892817e+01
3.760000000000000142e+01,-7.678544957233810919e+01
3.780000000000000426e+01,-7.649741388326005165e+01
3.800000000000000000e+01,-7.613319445522742512e+01
3.820000000000000284e+01,-7.637404590935119586e+01
3.840000000000000568e+01,-7.609787153024294071e+01
3.860000000000000142e+01,-7.624230911296373847e+01
3.880000000000000426e+01,-7.606937079608833585e+01
3.900000000000000000e+01,-7.607279090030448288e+01
3.920000000000000284e+01,-7.532808055412260728e+01
3.940000000000000568e+01,-7.634514868682875033e+01
3.960000000000000142e+01,-7.584629389337361260e+01
3.980000000000000426e+01,-7.538513649322871402e+01
4.000000000000000000e+01,-7.592390676169597441e+01
4.020000000000000284e+01,-7.544770275440123442e+01
4.040000000000000568e+01,-7.587784036881917871e+01
4.060000000000000142e+01,-7.578533082456132774e+01
4.080000000000000426e+01,-7.524007607962050770e+01
4.100000000000000000e+01,-7.504678035414811177e+01
4.120000000000000284e+01,-7.534484977381559645e+01
4.140000000000000568e+01,-7.525429428074232874e+01
4.160000000000000142e+01,-7.578808114432264631e+01
4.180000000000000426e+01,-7.520222291197343623e+01
4.200000000000000000e+01,-7.539133015726456222e+01
4.220000000000000284e+01,-7.483032759147675961e+01
4.240000000000000568e+01,-7.532737313152952652e+01
4.260000000000000142e+01,-7.500735143316670417e+01
4.280000000000000426e+01,-7.559947066647238501e+01
4.300000000000000000e+01,-7.490152247185561407e+01
4.320000000000000284e+01,-7.499407478085535672e+01
4.340000000000000568e+01,-7.464158224078799719e+01
4.360000000000000142e+01,-7.511984625926855585e+01
4.380000000000000426e+01,-7.486529179660014677e+01
4.400000000000000000e+01,-7.505896602909923843e+01
4.420000000000000284e+01,-7.521338480723566988e+01
4.440000000000000568e+01,-7.519522379443932891e+01
4.460000000000000142e+01,-7.495137473609572965e+01
4.480000000000000426e+01,-7.494018535262625846e+01
4.500000000000000000e+01,-7.457321932328332537e+01
4.520000000000000284e+01,-7.491698250454923880e+01
4.540000000000000568e+01,-7.442830836084564794e+01
4.560000000000000142e+01,-7.477941321091749671e+01
4.580000000000000426e+01,-7.467745386483557013e+01
4.600000000000000000e+01,-7.464131425769451766e+01
4.620000000000000284e+01,-7.516649415519206912e+01
4.640000000000000568e+01,-7.479621500901330933e+01
4.660000000000000142e+01,-7.448321524502009083e+01
4.680000000000000426e+01,-7.533444785010441080e+01
4.700000000000000000e+01,-7.453633270040761261e+01
4.720000000000000284e+01,-7.505749385520653050e+01
4.740000000000000568e+01,-7.513413487543981262e+01
4.760000000000000142e+01,-7.529233270480571605e+01
4.780000000000000426e+01,-7.501176985363534300e+01
4.800000000000000000e+01,-7.532110713328108886e+01
4.820000000000000284e+01,-7.459628791302841933e+01
4.840000000000000568e+01,-7.458655387041724794e+01
4.860000000000000142e+01,-7.511630612099639848e+01
4.880000000000000426e+01,-7.500081295981257767e+01
4.900000000000000000e+01,-7.514972793009683016e+01
4.920000000000000284e+01,-7.554257322254564144e+01
4.940000000000000568e+01,-7.468146909044179438e+01
4.960000000000000142e+01,-7.503779280843245658e+01
4.980000000000000426e+01,-7.505170825713480554e+01
5.000000000000000000e+01,-7.482955752177123543e+01
5.020000000000000284e+01,-7.492066657872818780e+01
5.040000000000000568e+01,-7.510684493292873753e+01
5.060000000000000142e+01,-7.475786371517131101e+01
5.080000000000000426e+01,-7.526169054515847279e+01
5.100000000000000000e+01,-7.476131567612684137e+01
5.120000000000000284e+01,-7.518634302086475429e+01
5.140000000000000568e+01,-7.513887351532638093e+01
5.160000000000000142e+01,-7.544274836063857492e+01
5.180000000000000426e+01,-7.558882369744981133e+01
5.200000000000000000e+01,-7.554479597350190545e+01
5.220000000000000284e+01,-7.530090407095967464e+01
5.240000000000000568e+01,-7.549869157514997653e+01
5.260000000000000142e+01,-7.471997035466931436e+01
5.280000000000000426e+01,-7.514241519530069979e+01
5.300000000000000000e+01,-7.509067248352799595e+01
5.320000000000000284e+01,-7.555491320423325874e+01
5.340000000000000568e+01,-7.545856305638035622e+01
5.360000000000000142e+01,-7.575743930062600384e+01
5.380000000000000426e+01,-7.549220796936512556e+01
5.400000000000000000e+01,-7.487668965806298615e+01
5.420000000000000284e+01,-7.532631459352957393e+01
5.440000000000000568e+01,-7.529285888102242552e+01
5.460000000000000142e+01,-7.563143872844541704e+01
5.480000000000000426e+01,-7.511546180883549084e+01
5.500000000000000000e+01,-7.485594713639032705e+01
5.520000000000000284e+01,-7.499097390602332780e+01
5.540000000000000568e+01,-7.494063275376421984e+01
5.560000000000000142e+01,-7.489639807464446619e+01
5.580000000000000426e+01,-7.537453984424803366e+01
5.600000000000000000e+01,-7.536279484455872080e+01
5.620000000000000284e+01,-7.502085139494850807e+01
5.640000000000000568e+01,-7.577859113668564817e+01
5.660000000000000142e+01,-7.532443329945641608e+01
5.680000000000000426e+01,-7.459386944688293397e+01
5.700000000000000000e+01,-7.517047655357390568e+01
5.720000000000000284e+01,-7.499434601319578064e+01
5.740000000000000568e+01,-7.498430900886842210e+01
5.760000000000000142e+01,-7.553751122737762103e+01
5.780000000000000426e+01,-7.523160455469751184e+01
5.800000000000000000e+01,-7.524021007629858104e+01
5.820000000000000284e+01,-7.511631658937686495e+01
5.840000000000000568e+01,-7.522070116337640400e+01
5.860000000000000142e+01,-7.535027623791499707e+01
5.880000000000000426e+01,-7.506539043185109961e+01
5.900000000000000000e+01,-7.525841294881816168e+01
5.920000000000000284e+01,-7.568487972158902721e+01
5.940000000000000568e+01,-7.532759077883162036e+01
5.960000000000000142e+01,-7.554373568985157306e+01
5.980000000000000426e+01,-7.518388206034519783e+01
6.000000000000000000e+01,-7.501878134229981754e+01
6.020000000000000284e+01,-7.511354684203371335e+01
6.040000000000000568e+01,-7.490458979862549427e+01
6.060000000000000142e+01,-7.459378856819374448e+01
6.080000000000000426e+01,-7.529846132501567979e+01
6.100000000000000000e+01,-7.535388585215730473e+01
6.120000000000000284e+01,-7.545697878924768531e+01
6.140000000000000568e+01,-7.535966507972393913e+01
6.160000000000000142e+01,-7.523416589563585433e+01
6.180000000000000426e+01,-7.492342723109554470e+01
6.200000000000000000e+01,-7.511084584333904957e+01
6.220000000000000284e+01,-7.532966868916237502e+01
6.240000000000000568e+01,-7.508192837045019985e+01
6.260000000000000142e+01,-7.540667605827232478e+01
6.280000000000000426e+01,-7.548815017229343027e+01
6.300000000000000000e+01,-7.511746731050426718e+01
6.320000000000000284e+01,-7.575626531012711951e+01
6.340000000000000568e+01,-7.499926927534052368e+01
6.360000000000000142e+01,-7.542408678557463020e+01
6.380000000000000426e+01,-7.503142585550135379e+01
6.400000000000000000e+01,-7.542508182130488592e+01
6.420000000000000284e+01,-7.537445540592932502e+01
6.440000000000000568e+01,-7.525015826583209844e+01
6.460000000000000853e+01,-7.544634106652326011e+01
6.479999999999999716e+01,-7.510556375790747552e+01
6.500000000000000000e+01,-7.493273232211167567e+01
6.520000000000000284e+01,-7.545736480515854794e+01
6.540000000000000568e+01,-7.491733776152703683e+01
6.560000000000000853e+01,-7.520290989578855090e+01
6.579999999999999716e+01,-7.541037189918577610e+01
6.600000000000000000e+01,-7.491297329916822889e+01
6.620000000000000284e+01,-7.516589053202481807e+01
6.640000000000000568e+01,-7.511198970067449920e+01
6.660000000000000853e+01,-7.540003768621397739e+01
6.679999999999999716e+01,-7.498180259019477489e+01
6.700000000000000000e+01,-7.523769832811403546e+01
6.720000000000000284e+01,-7.504377150148948772e+01
6.740000000000000568e+01,-7.487135275155108616e+01
6.760000000000000853e+01,-7.536827116605778087e+01
6.779999999999999716e+01,-7.528449029613089749e+01
6.800000000000000000e+01,-7.521987773649132691e+01
6.820000000000000284e+01,-7.488942780777441044e+01
6.840000000000000568e+01,-7.506708460402636263e+01
6.860000000000000853e+01,-7.527823653216459832e+01
6.879999999999999716e+01,-7.482616483202903623e+01
6.900000000000000000e+01,-7.542059036083783496e+01
6.920000000000000284e+01,-7.523066822752355165e+01
6.940000000000000568e+01,-7.492206518436657348e+01
6.960000000000000853e+01,-7.504364941083012752e+01
6.979999999999999716e+01,-7.502596998776483872e+01
7.000000000000000000e+01,-7.497309874824200904e+01
7.020000000000000284e+01,-7.508888363289456436e+01
7.040000000000000568e+01,-7.519231856356491051e+01
7.060000000000000853e+01,-7.524426093581784869e+01
7.079999999999999716e+01,-7.518873623988754673e+01
7.100000000000000000e+01,-7.503004464420436648e+01
7.120000000000000284e+01,-7.493182111958694236e+01
7.140000000000000568e+01,-7.553568660050461858e+01
7.160000000000000853e+01,-7.554169152842884216e+01
7.179999999999999716e+01,-7.494581488236966038e+01
7.200000000000000000e+01,-7.513188876416909068e+01
7.220000000000000284e+01,-7.495588759747865026e+01
7.240000000000000568e+01,-7.483623310393925010e+01
7.260000000000000853e+01,-7.544146622915538103e+01
7.279999999999999716e+01,-7.483925919622303979e+01
7.300000000000000000e+01,-7.521232115560735565e+01
7.320000000000000284e+01,-7.502442437082309823e+01
7.340000000000000568e+01,-7.477620355714746836e+01
7.360000000000000853e+01,-7.502971740804098033e+01
7.379999999999999716e+01,-7.524972282996928641e+01
7.400000000000000000e+01,-7.510225571879658446e+01
7.420000000000000284e+01,-7.483571471903184147e+01
7.440000000000000568e+01,-7.511641574995950066e+01
7.460000000000000853e+01,-7.520616633789458660e+01
7.479999999999999716e+01,-7.523754005837673731e+01
7.500000000000000000e+01,-7.501851078325057642e+01
7.520000000000000284e+01,-7.545011846146800849e+01
7.540000000000000568e+01,-7.461951547511719696e+01
7.560000000000000853e+01,-7.534403057305411266e+01
7.579999999999999716e+01,-7.532493517944479322e+01
7.600000000000000000e+01,-7.499278336772945863e+01
7.620000000000000284e+01,-7.531420910038200134e+01
7.640000000000000568e+01,-7.505044705107702896e+01
7.660000000000000853e+01,-7.517458693205973930e+01
7.680000000000001137e+01,-7.474131728619464354e+01
7.700000000000000000e+01,-7.518972832939802231e+01
7.720000000000000284e+01,-7.525692648763124737e+01
7.740000000000000568e+01,-7.502289341626735109e+01
7.760000000000000853e+01,-7.559322822008554965e+01
7.780000000000001137e+01,-7.498657641488649972e+01
7.800000000000000000e+01,-7.502797815276169047e+01
7.820000000000000284e+01,-7.495937127166443759e+01
7.840000000000000568e+01,-7.505937366626497464e+01
7.860000000000000853e+01,-7.550755029809643304e+01
7.880000000000001137e+01,-7.511733333170805338e+01
7.900000000000000000e+01,-7.507273393634264380e+01
7.920000000000000284e+01,-7.510932829280592671e+01
7.940000000000000568e+01,-7.595010440297703269e+01
7.960000000000000853e+01,-7.526595353833155855e+01
7.980000000000001137e+01,-7.521393419497709942e+01
8.000000000000000000e+01,-7.492633896475287258e+01
8.020000000000000284e+01,-7.505965487139677350e+01
8.040000000000000568e+01,-7.506682007223032826e+01
8.060000000000000853e+01,-7.514148664403580824e+01
8.080000000000001137e+01,-7.502460247227756440e+01
8.100000000000000000e+01,-7.507527082725245293e+01
8.120000000000000284e+01,-7.533161098196976013e+01
8.140000000000000568e+01,-7.528217732144346996e+01
8.160000000000000853e+01,-7.517486610502487565e+01
8.180000000000001137e+01,-7.536369114748075049e+01
8.200000000000000000e+01,-7.509749678179997545e+01
8.220000000000000284e+01,-7.542351957610475210e+01
8.240000000000000568e+01,-7.533801937445728925e+01
8.260000000000000853e+01,-7.545435700140060931e+01
8.280000000000001137e+01,-7.516325725726690621e+01
8.300000000000000000e+01,-7.514387018316489275e+01
8.320000000000000284e+01,-7.497669017127849145e+01
8.340000000000000568e+01,-7.541615123421524913e+01
8.360000000000000853e+01,-7.489764820076837282e+01
8.380000000000001137e+01,-7.518947129259541384e+01
8.400000000000000000e+01,-7.505426321678406509e+01
8.420000000000000284e+01,-7.543355742416289900e+01
8.440000000000000568e+01,-7.544039109435277624e+01
8.460000000000000853e+01,-7.525715553239739108e+01
8.480000000000001137e+01,-7.545674198862184312e+01
8.500000000000000000e+01,-7.558208217961775688e+01
8.520000000000000284e+01,-7.443813382721855021e+01
8.540000000000000568e+01,-7.535191242484951601e+01
8.560000000000000853e+01,-7.491756692658336192e+01
8.580000000000001137e+01,-7.538961708030552700e+01
8.600000000000000000e+01,-7.514743267361953372e+01
8.620000000000000284e+01,-7.491132394912578718e+01
8.640000000000000568e+01,-7.488824074582525725e+01
8.660000000000000853e+01,-7.494454856048352553e+01
8.680000000000001137e+01,-7.519702623934702501e+01
8.700000000000000000e+01,-7.519677077364686113e+01
8.720000000000000284e+01,-7.518807227034946550e+01
8.740000000000000568e+01,-7.503884369868828230e+01
8.760000000000000853e+01,-7.507834429600588066e+01
8.780000000000001137e+01,-7.477981346098957260e+01
8.800000000000000000e+01,-7.547808541859269837e+01
8.820000000000000284e+01,-7.498894622212688432e+01
8.840000000000000568e+01,-7.466196490398463936e+01
8.860000000000000853e+01,-7.528055662546475446e+01
8.880000000000001137e+01,-7.481376269793187817e+01
8.900000000000000000e+01,-7.517688763281002196e+01
8.920000000000000284e+01,-7.457742159107681346e+01
8.940000000000000568e+01,-7.543059286869089419e+01
8.960000000000000853e+01,-7.513464942387365397e+01
8.980000000000001137e+01,-7.489496465173614581e+01
9.000000000000000000e+01,-7.537845909307041836e+01
9.020000000000000284e+01,-7.507656305565160437e+01
9.040000000000000568e+01,-7.530536802373347882e+01
9.060000000000000853e+01,-7.507285637884115204e+01
9.080000000000001137e+01,-7.550172780623844915e+01
9.100000000000000000e+01,-7.528565310004887579e+01
9.120000000000000284e+01,-7.514833917666355489e+01
9.140000000000000568e+01,-7.522195711575294297e+01
9.160000000000000853e+01,-7.539440758945390542e+01
9.180000000000001137e+01,-7.521492519137989063e+01
9.200000000000000000e+01,-7.480018694063731743e+01
9.220000000000000284e+01,-7.488426819930036515e+01
9.240000000000000568e+01,-7.530568500295949264e+01
9.260000000000000853e+01,-7.506874143235327779e+01
9.280000000000001137e+01,-7.519805034331449178e+01
9.300000000000000000e+01,-7.538287751874823073e+01
9.320000000000000284e+01,-7.536659818183844095e+01
9.340000000000000568e+01,-7.512672686812884137e+01
9.360000000000000853e+01,-7.481777629341615921e+01
9.380000000000001137e+01,-7.484092986940883918e+01
9.400000000000000000e+01,-7.556454337875958061e+01
9.420000000000000284e+01,-7.562597854339450976e+01
9.440000000000000568e+01,-7.518736867334294516e+01
9.460000000000000853e+01,-7.492299790059784925e+01
9.480000000000001137e+01,-7.487672975144649001e+01
9.500000000000000000e+01,-7.482314486902474471e+01
9.520000000000000284e+01,-7.521587521457617243e+01
9.540000000000000568e+01,-7.528960255084152209e+01
9.560000000000000853e+01,-7.475454447960493098e+01
9.580000000000001137e+01,-7.482673509973287196e+01
9.600000000000000000e+01,-7.519144270544444453e+01
9.620000000000000284e+01,-7.560909669385654297e+01
9.640000000000000568e+01,-7.538180263859941022e+01
9.660000000000000853e+01,-7.486419124128266844e+01
9.680000000000001137e+01,-7.550650987784102597e+01
9.700000000000000000e+01,-7.492395563305643691e+01
9.720000000000000284e+01,-7.536868846554150991e+01
9.740000000000000568e+01,-7.499028058245222894e+01
9.760000000000000853e+01,-7.500842322288360720e+01
9.780000000000001137e+01,-7.546575759693097041e+01
9.800000000000000000e+01,-7.500951996007484013e+01
9.820000000000000284e+01,-7.506710884102885473e+01
9.840000000000000568e+01,-7.545963120582533179e+01
9.860000000000000853e+01,-7.520382915496455212e+01
9.880000000000001137e+01,-7.496252904582162557e+01
9.900000000000000000e+01,-7.513978626488626844e+01
9.920000000000000284e+01,-7.490287577998185498e+01
9.940000000000000568e+01,-7.467568807195421243e+01
9.960000000000000853e+01,-7.487184940593974147e+01
9.980000000000001137e+01,-7.537952790916995127e+01
1.000000000000000000e+02,-7.548872190656342696e+01
1.002000000000000028e+02,-7.506061724601575236e+01
1.004000000000000057e+02,-7.486616214528007163e+01
1.006000000000000085e+02,-7.538722787334123154e+01
1.008000000000000114e+02,-7.513249223639131458e+01
1.010000000000000000e+02,-7.541043214553397434e+01
1.012000000000000028e+02,-7.513420563402283392e+01
1.014000000000000057e+02,-7.464294423211435969e+01
1.016000000000000085e+02,-7.530151411406109219e+01
1.018000000000000114e+02,-7.524883679666291414e+01
1.020000000000000000e+02,-7.565421036762178630e+01
1.022000000000000028e+02,-7.519555486258728649e+01
1.024000000000000057e+02,-7.519318259448071728e+01
1.026000000000000085e+02,-7.489180089006208618e+01
1.028000000000000114e+02,-7.547952660696697080e+01
1.030000000000000000e+02,-7.518545712788873914e+01
1.032000000000000028e+02,-7.517088781501871608e+01
1.034000000000000057e+02,-7.549673932521369579e+01
1.036000000000000085e+02,-7.464107843181869839e+01
1.038000000000000114e+02,-7.531834556109789958e+01
1.040000000000000000e+02,-7.533734462355495509e+01
1.042000000000000028e+02,-7.488472478942665589e+01
1.044000000000000057e+02,-7.489445381968184279e+01
1.046000000000000085e+02,-7.514787262388101396e+01
1.048000000000000114e+02,-7.514015431208191842e+01
1.050000000000000000e+02,-7.552857452275011951e+01
1.052000000000000028e+02,-7.522622791276732812e+01
1.054000000000000057e+02,-7.539096786572913800e+01
1.056000000000000085e+02,-7.534040610716419906e+01
1.058000000000000114e+02,-7.549162329856605425e+01
1.060000000000000000e+02,-7.543878601381778992e+01
1.062000000000000028e+02,-7.527890163015719338e+01
1.064000000000000057e+02,-7.524737561339961189e+01
1.066000000000000085e+02,-7.512936688669185514e+01
1.068000000000000114e+02,-7.502800141185601035e+01
1.070000000000000000e+02,-7.532973029089548334e+01
1.072000000000000028e+02,-7.558237702372103684e+01
1.074000000000000057e+02,-7.492064296503257026e+01
1.076000000000000085e+02,-7.501346459537684552e+01
1.078000000000000114e+02,-7.576603749446181268e+01
1.080000000000000000e+02,-7.515323708484071119e+01
1.082000000000000028e+02,-7.498666844474223581e+01
1.084000000000000057e+02,-7.531504918199406973e+01
1.086000000000000085e+02,-7.536479586996956925e+01
1.088000000000000114e+02,-7.552489600850454110e+01
1.090000000000000000e+02,-7.525265118690813892e+01
1.092000000000000028e+02,-7.513560101815869530e+01
1.094000000000000057e+02,-7.528424393088829447e+01
1.096000000000000085e+02,-7.498100346191525034e+01
1.098000000000000114e+02,-7.488758651604265992e+01
1.100000000000000000e+02,-7.527542058756642973e+01
1.102000000000000028e+02,-7.464405006735930215e+01
1.104000000000000057e+02,-7.501371053920331633e+01
1.106000000000000085e+02,-7.513814481544950752e+01
1.108000000000000114e+02,-7.539451554240629605e+01
1.110000000000000000e+02,-7.495405271672836989e+01
1.112000000000000028e+02,-7.514426781150709189e+01
1.114000000000000057e+02,-7.552154729750351692e+01
1.116000000000000085e+02,-7.545426287530250420e+01
1.118000000000000114e+02,-7.514533539535285911e+01
1.120000000000000000e+02,-7.492467455650491104e+01
1.122000000000000028e+02,-7.550416125149476443e+01
1.124000000000000057e+02,-7.491965463765451716e+01
1.126000000000000085e+02,-7.516055951785531875e+01
1.128000000000000114e+02,-7.539399549665408529e+01
1.130000000000000000e+02,-7.525392779036458535e+01
1.132000000000000028e+02,-7.524967322088448896e+01
1.134000000000000057e+02,-7.529472734944610579e+01
1.136000000000000085e+02,-7.494273701437373347e+01
1.138000000000000114e+02,-7.492679966574711159e+01
1.140000000000000000e+02,-7.494239409142616637e+01
1.142000000000000028e+02,-7.536551695842142351e+01
1.144000000000000057e+02,-7.515706050658468484e+01
1.146000000000000085e+02,-7.548157670038550293e+01
1.148000000000000114e+02,-7.523097171574588060e+01
1.150000000000000000e+02,-7.548244442532975995e+01
1.152000000000000028e+02,-7.489498744035833511e+01
1.154000000000000057e+02,-7.531214964857508676e+01
1.156000000000000085e+02,-7.511279536491464626e+01
1.158000000000000114e+02,-7.496009676095604846e+01
1.160000000000000000e+02,-7.503092161129744397e+01
1.162000000000000028e+02,-7.531560111625844911e+01
1.164000000000000057e+02,-7.519093763030163302e+01
1.166000000000000085e+02,-7.479165289944766926e+01
1.168000000000000114e+02,-7.521874721816192277e+01
1.170000000000000000e+02,-7.568895394185490488e+01
1.172000000000000028e+02,-7.511477425761691507e+01
1.174000000000000057e+02,-7.492067852894322755e+01
1.176000000000000085e+02,-7.499794412137657673e+01
1.178000000000000114e+02,-7.523316803736855718e+01
1.180000000000000000e+02,-7.478328620446708896e+01
1.182000000000000028e+02,-7.521942133813277565e+01
1.184000000000000057e+02,-7.496792523781101636e+01
1.186000000000000085e+02,-7.518498423275357823e+01
1.188000000000000114e+02,-7.514491245952159204e+01
1.190000000000000000e+02,-7.482214652694987933e+01
1.192000000000000028e+02,-7.531540719267468376e+01
1.194000000000000057e+02,-7.562702997106680414e+01
1.196000000000000085e+02,-7.518307489543833810e+01
1.198000000000000114e+02,-7.498422959235722374e+01
1.200000000000000000e+02,-7.510682892573662173e+01
1.202000000000000028e+02,-7.522171529978506044e+01
1.204000000000000057e+02,-7.528099482665075470e+01
1.206000000000000085e+02,-7.486197912436098534e+01
1.208000000000000114e+02,-7.490284259796041511e+01
1.210000000000000000e+02,-7.485470014624851842e+01
1.212000000000000028e+02,-7.489133837707042574e+01
1.214000000000000057e+02,-7.523330704995245810e+01
1.216000000000000085e+02,-7.556528284630245196e+01
1.218000000000000114e+02,-7.548851794271877225e+01
1.220000000000000000e+02,-7.487133926093642344e+01
1.222000000000000028e+02,-7.508549519413840301e+01
1.224000000000000057e+02,-7.492363145940286984e+01
1.226000000000000085e+02,-7.523271914713440367e+01
1.228000000000000114e+02,-7.478362534383735749e+01
1.230000000000000000e+02,-7.491362123396682193e+01
1.232000000000000028e+02,-7.530043577989384573e+01
1.234000000000000057e+02,-7.513609475061944920e+01
1.236000000000000085e+02,-7.515491388671725304e+01
1.238000000000000114e+02,-7.499339471033435700e+01
1.240000000000000000e+02,-7.532897003989626228e+01
1.242000000000000028e+02,-7.512378890072069737e+01
1.244000000000000057e+02,-7.522501067048557388e+01
1.246000000000000085e+02,-7.458172483219794913e+01
1.248000000000000114e+02,-7.527979372109007272e+01
1.250000000000000000e+02,-7.479802094830087356e+01
1.252000000000000028e+02,-7.500796959670273623e+01
1.254000000000000057e+02,-7.503831131334948168e+01
1.256000000000000085e+02,-7.518101636060124804e+01
1.258000000000000114e+02,-7.511558100108430835e+01
1.260000000000000000e+02,-7.522006702286032009e+01
1.262000000000000028e+02,-7.553054488906538211e+01
1.264000000000000057e+02,-7.522899515642112078e+01
1.266000000000000085e+02,-7.521550506861994734e+01
1.268000000000000114e+02,-7.531952490748486184e+01
1.270000000000000000e+02,-7.465915923051178993e+01
1.272000000000000028e+02,-7.509531497184823934e+01
1.274000000000000057e+02,-7.516981859826854873e+01
1.276000000000000085e+02,-7.478378899947846037e+01
1.278000000000000114e+02,-7.556846392089632047e+01
1.280000000000000000e+02,-7.527416298328490996e+01
1.282000000000000171e+02,-7.465699752813763723e+01
1.284000000000000057e+02,-7.533321571165984665e+01
1.285999999999999943e+02,-7.508883520590549665e+01
1.288000000000000114e+02,-7.531029723419507604e+01
1.290000000000000000e+02,-7.457402730964582815e+01
1.292000000000000171e+02,-7.523133116108161289e+01
1.294000000000000057e+02,-7.543667473579589000e+01
1.295999999999999943e+02,-7.536734639360557253e+01
1.298000000000000114e+02,-7.533014093039695069e+01
1.300000000000000000e+02,-7.514207208581865416e+01
1.302000000000000171e+02,-7.523133444873963072e+01
1.304000000000000057e+02,-7.497795601874830140e+01
1.305999999999999943e+02,-7.491226230438414291e+01
1.308000000000000114e+02,-7.518936895003012921e+01
1.310000000000000000e+02,-7.516482041637861755e+01
1.312000000000000171e+02,-7.475576303021463787e+01
1.314000000000000057e+02,-7.490782899319407306e+01
1.315999999999999943e+02,-7.498834783622983480e+01
1.318000000000000114e+02,-7.521943793849520432e+01
1.320000000000000000e+02,-7.553663660945514380e+01
1.322000000000000171e+02,-7.542798201383889989e+01
1.324000000000000057e+02,-7.527866660289318190e+01
1.325999999999999943e+02,-7.501676669445760126e+01
1.328000000000000114e+02,-7.528533133181942105e+01
1.330000000000000000e+02,-7.491802359218804952e+01
1.332000000000000171e+02,-7.522643605520372034e+01
1.334000000000000057e+02,-7.485065366435470935e+01
1.335999999999999943e+02,-7.518288742198122065e+01
1.338000000000000114e+02,-7.489282559676560425e+01
1.340000000000000000e+02,-7.510134405400611968e+01
1.342000000000000171e+02,-7.540178624657097828e+01
1.344000000000000057e+02,-7.533633153288513995e+01
1.345999999999999943e+02,-7.555474856874631939e+01
1.348000000000000114e+02,-7.545505619819209642e+01
1.350000000000000000e+02,-7.537745157675377072e+01
1.352000000000000171e+02,-7.479523880877702879e+01
1.354000000000000057e+02,-7.528769674608392393e+01
1.355999999999999943e+02,-7.544038970475948247e+01
1.358000000000000114e+02,-7.502874299987897189e+01
1.360000000000000000e+02,-7.519750257766554569e+01
1.362000000000000171e+02,-7.528950298438932975e+01
1.364000000000000057e+02,-7.515752993780463953e+01
1.365999999999999943e+02,-7.546671495153846365e+01
1.368000000000000114e+02,-7.478255892487528911e+01
1.370000000000000000e+02,-7.539504655248511256e+01
1.372000000000000171e+02,-7.542735040020355086e+01
1.374000000000000057e+02,-7.544713326887858784e+01
1.375999999999999943e+02,-7.535062440038554143e+01
1.378000000000000114e+02,-7.517474058689137451e+01
1.380000000000000000e+02,-7.512756790304403864e+01
1.382000000000000171e+02,-7.539158875980278651e+01
1.384000000000000057e+02,-7.527977700653315196e+01
1.385999999999999943e+02,-7.520631046392888663e+01
1.388000000000000114e+02,-7.557118581322207262e+01
1.390000000000000000e+02,-7.499226756652694803e+01
1.392000000000000171e+02,-7.533745813129033309e+01
1.394000000000000057e+02,-7.495496957699315033e+01
1.395999999999999943e+02,-7.493443702463214606e+01
1.398000000000000114e+02,-7.511889548348823098e+01
1.400000000000000000e+02,-7.521370826579554603e+01
1.402000000000000171e+02,-7.562830047279791756e+01
1.404000000000000057e+02,-7.458723962322829948e+01
1.405999999999999943e+02,-7.522561781291696548e+01
1.408000000000000114e+02,-7.500878603151048196e+01
1.410000000000000000e+02,-7.483952176548937985e+01
1.412000000000000171e+02,-7.519813872779825203e+01
1.414000000000000057e+02,-7.538859356266036116e+01
1.415999999999999943e+02,-7.458797655631519774e+01
1.418000000000000114e+02,-7.482122719052640036e+01
1.420000000000000000e+02,-7.526247266681997417e+01
1.422000000000000171e+02,-7.503081909441311836e+01
1.424000000000000057e+02,-7.522145632220740197e+01
1.425999999999999943e+02,-7.518758220628561162e+01
1.428000000000000114e+02,-7.522072293937762311e+01
1.430000000000000000e+02,-7.527737827271832316e+01
1.432000000000000171e+02,-7.540674002427427070e+01
1.434000000000000057e+02,-7.536401208112422978e+01
1.435999999999999943e+02,-7.513200619345217035e+01
1.438000000000000114e+02,-7.473927425720134465e+01
1.440000000000000000e+02,-7.461249945891655955e+01
1.442000000000000171e+02,-7.492302796099946249e+01
1.444000000000000057e+02,-7.506007222579134464e+01
1.445999999999999943e+02,-7.515393452611054670e+01
1.448000000000000114e+02,-7.505842918216789883e+01
1.450000000000000000e+02,-7.527053630227025849e+01
1.452000000000000171e+02,-7.525890015055254878e+01
1.454000000000000057e+02,-7.560584932720105655e+01
1.455999999999999943e+02,-7.473927068739857305e+01
1.458000000000000114e+02,-7.472031117866571037e+01
1.460000000000000000e+02,-7.500842847813846959e+01
1.462000000000000171e+02,-7.490994976541888661e+01
1.464000000000000057e+02,-7.509469240730493311e+01
1.465999999999999943e+02,-7.517210453233160194e+01
1.468000000000000114e+02,-7.537912288385841464e+01
1.470000000000000000e+02,-7.499878900596687004e+01
1.472000000000000171e+02,-7.544137947113917164e+01
1.474000000000000057e+02,-7.482557448210208406e+01
1.475999999999999943e+02,-7.555712410027153680e+01
1.478000000000000114e+02,-7.488923256436484621e+01
1.480000000000000000e+02,-7.517966511736970858e+01
1.482000000000000171e+02,-7.485386348431370607e+01
1.484000000000000057e+02,-7.526595908946424629e+01
1.485999999999999943e+02,-7.519684798645066337e+01
1.488000000000000114e+02,-7.528538924649689079e+01
1.490000000000000000e+02,-7.528355041755700938e+01
1.492000000000000171e+02,-7.492022908718260510e+01
1.494000000000000057e+02,-7.516028763272790059e+01
1.495999999999999943e+02,-7.547643854965346577e+01
1.498000000000000114e+02,-7.522310354877723171e+01
1.500000000000000000e+02,-7.523238109733487988e+01
1.502000000000000171e+02,-7.506218306544374741e+01
1.504000000000000057e+02,-7.498931221345947051e+01
1.505999999999999943e+02,-7.483837864031724507e+01
1.508000000000000114e+02,-7.536840878003640398e+01
1.510000000000000000e+02,-7.506314304387571212e+01
1.512000000000000171e+02,-7.544962398936894488e+01
1.514000000000000057e+02,-7.504669719373985970e+01
1.515999999999999943e+02,-7.465184278273520135e+01
1.518000000000000114e+02,-7.528671355394398290e+01
1.520000000000000000e+02,-7.532343332302383487e+01
1.522000000000000171e+02,-7.488704796194474511e+01
1.524000000000000057e+02,-7.546976988139695663e+01
1.525999999999999943e+02,-7.488266259181769158e+01
1.528000000000000114e+02,-7.517772880152256221e+01
1.530000000000000000e+02,-7.508670653257701133e+01
1.532000000000000171e+02,-7.519448534495214176e+01
1.534000000000000057e+02,-7.539996896765413226e+01
1.536000000000000227e+02,-7.523970058550553119e+01
1.538000000000000114e+02,-7.503502973981818513e+01
1.540000000000000000e+02,-7.487445720824709383e+01
1.542000000000000171e+02,-7.543409838427049863e+01
1.544000000000000057e+02,-7.536796138491527586e+01
1.546000000000000227e+02,-7.501469262552373607e+01
1.548000000000000114e+02,-7.516981451280717863e+01
1.550000000000000000e+02,-7.508338162680288974e+01
1.552000000000000171e+02,-7.581882713206269386e+01
1.554000000000000057e+02,-7.500085944360519363e+01
1.556000000000000227e+02,-7.514087902731947111e+01
1.558000000000000114e+02,-7.497465312368146328e+01
1.560000000000000000e+02,-7.505613590985097971e+01
1.562000000000000171e+02,-7.533837212856174403e+01
1.564000000000000057e+02,-7.537345462478342029e+01
1.566000000000000227e+02,-7.531845830465934455e+01
1.568000000000000114e+02,-7.546268649034153952e+01
1.570000000000000000e+02,-7.483376175845202738e+01
1.572000000000000171e+02,-7.544146092201008003e+01
1.574000000000000057e+02,-7.495196156017554756e+01
1.576000000000000227e+02,-7.516787890262274630e+01
1.578000000000000114e+02,-7.530908105961576382e+01
1.580000000000000000e+02,-7.528338275996148354e+01
1.582000000000000171e+02,-7.492663404105982750e+01
1.584000000000000057e+02,-7.503203909362287050e+01
1.586000000000000227e+02,-7.545353699708395823e+01
1.588000000000000114e+02,-7.490834872722977877e+01
1.590000000000000000e+02,-7.523530073183563616e+01
1.592000000000000171e+02,-7.507862313694371892e+01
1.594000000000000057e+02,-7.549774728459281903e+01
1.596000000000000227e+02,-7.521954311788945802e+01
1.598000000000000114e+02,-7.484990605786300932e+01
1.600000000000000000e+02,-7.515960697461329687e+01
1.602000000000000171e+02,-7.487420895281934463e+01
1.604000000000000057e+02,-7.528746621552070906e+01
1.606000000000000227e+02,-7.496313554854340566e+01
1.608000000000000114e+02,-7.491392649554057925e+01
1.610000000000000000e+02,-7.498662518094299401e+01
1.612000000000000171e+02,-7.558993100156673961e+01
1.614000000000000057e+02,-7.499538538838399404e+01
1.616000000000000227e+02,-7.557287174027500498e+01
1.618000000000000114e+02,-7.505214010563314275e+01
1.620000000000000000e+02,-7.524421945530053790e+01
1.622000000000000171e+02,-7.523256384012699982e+01
1.624000000000000057e+02,-7.454659283939624004e+01
1.626000000000000227e+02,-7.526800234434391257e+01
1.628000000000000114e+02,-7.489692430500393527e+01
1.630000000000000000e+02,-7.522657452839038683e+01
1.632000000000000171e+02,-7.489531160941650967e+01
1.634000000000000057e+02,-7.515393985831357782e+01
1.636000000000000227e+02,-7.563921324748223185e+01
1.638000000000000114e+02,-7.539195599020858651e+01
1.640000000000000000e+02,-7.509736634128078947e+01
1.642000000000000171e+02,-7.540389974063546674e+01
1.644000000000000057e+02,-7.523853511194057830e+01
1.646000000000000227e+02,-7.516878388590907889e+01
1.648000000000000114e+02,-7.513240670339571636e+01
1.650000000000000000e+02,-7.500715520098410138e+01
1.652000000000000171e+02,-7.523808976188824715e+01
1.654000000000000057e+02,-7.508634392669375757e+01
1.656000000000000227e+02,-7.501357014956474245e+01
1.658000000000000114e+02,-7.519782578261387584e+01
1.660000000000000000e+02,-7.548572777633609121e+01
1.662000000000000171e+02,-7.529162463574935771e+01
1.664000000000000057e+02,-7.491947151770735047e+01
1.666000000000000227e+02,-7.505499675250112546e+01
1.668000000000000114e+02,-7.545123699839066944e+01
1.670000000000000000e+02,-7.501634460560215700e+01
1.672000000000000171e+02,-7.493890776443863899e+01
1.674000000000000057e+02,-7.491681976850564695e+01
1.676000000000000227e+02,-7.489587726245466115e+01
1.678000000000000114e+02,-7.517798708934479635e+01
1.680000000000000000e+02,-7.498130658875373911e+01
1.682000000000000171e+02,-7.534544478783550403e+01
1.684000000000000057e+02,-7.513312318085255015e+01
1.686000000000000227e+02,-7.475480922625710889e+01
1.688000000000000114e+02,-7.514933478069249873e+01
1.690000000000000000e+02,-7.519078684702746784e+01
1.692000000000000171e+02,-7.516791173890382538e+01
1.694000000000000057e+02,-7.525328169358812147e+01
1.696000000000000227e+02,-7.506312071877987080e+01
1.698000000000000114e+02,-7.489460518336157691e+01
1.700000000000000000e+02,-7.500064319385414535e+01
1.702000000000000171e+02,-7.503334246885964376e+01
1.704000000000000057e+02,-7.545324573245046906e+01
1.706000000000000227e+02,-7.503622997811423545e+01
1.708000000000000114e+02,-7.510726985405626976e+01
1.710000000000000000e+02,-7.550286370179181006e+01
1.712000000000000171e+02,-7.492055154821788676e+01
1.714000000000000057e+02,-7.534963418910506050e+01
1.716000000000000227e+02,-7.541751172936086789e+01
1.718000000000000114e+02,-7.491760965052739607e+01
1.720000000000000000e+02,-7.522802180937294736e+01
1.722000000000000171e+02,-7.502679555491076258e+01
1.724000000000000057e+02,-7.499524468006035249e+01
1.726000000000000227e+02,-7.508912877666530505e+01
1.728000000000000114e+02,-7.527556005540063211e+01
1.730000000000000000e+02,-7.477656409487518374e+01
1.732000000000000171e+02,-7.523960601627034350e+01
1.734000000000000057e+02,-7.507503869675902308e+01
1.736000000000000227e+02,-7.501178639065351206e+01
1.738000000000000114e+02,-7.485891319582603387e+01
1.740000000000000000e+02,-7.526475891408406937e+01
1.742000000000000171e+02,-7.514834906656976443e+01
1.744000000000000057e+02,-7.530842770372882455e+01
1.746000000000000227e+02,-7.455282503346936096e+01
1.748000000000000114e+02,-7.505657349320988203e+01
1.750000000000000000e+02,-7.552042686913330272e+01
1.752000000000000171e+02,-7.511940418773716033e+01
1.754000000000000057e+02,-7.537257972861506516e+01
1.756000000000000227e+02,-7.546509980328183076e+01
1.758000000000000114e+02,-7.494581746021201241e+01
1.760000000000000000e+02,-7.513113939586327206e+01
1.762000000000000171e+02,-7.538438747202495449e+01
1.764000000000000057e+02,-7.504250479832286658e+01
1.766000000000000227e+02,-7.519415173171228162e+01
1.768000000000000114e+02,-7.541429749593046949e+01
1.770000000000000000e+02,-7.581593228210221014e+01
1.772000000000000171e+02,-7.492582239111237641e+01
1.774000000000000057e+02,-7.521934035128097662e+01
1.776000000000000227e+02,-7.526299005535287279e+01
1.778000000000000114e+02,-7.508851010160756800e+01
1.780000000000000000e+02,-7.535870543767838114e+01
1.782000000000000171e+02,-7.508011501573177782e+01
1.784000000000000057e+02,-7.518484991168864440e+01
1.786000000000000227e+02,-7.487345778561231668e+01
1.788000000000000114e+02,-7.502529805516120121e+01
1.790000000000000000e+02,-7.533535065017855459e+01
1.792000000000000171e+02,-7.536108094747608277e+01
1.794000000000000057e+02,-7.496895955357193486e+01
1.796000000000000227e+02,-7.511993868601128099e+01
1.798000000000000114e+02,-7.525141094189299906e+01
1.800000000000000000e+02,-7.537038791962297068e+01
1.802000000000000171e+02,-7.525313397246607394e+01
1.804000000000000057e+02,-7.506421605918166051e+01
1.806000000000000227e+02,-7.536328576540722679e+01
1.808000000000000114e+02,-7.472152976675438651e+01
1.810000000000000000e+02,-7.531488745726748846e+01
1.812000000000000171e+02,-7.508397083621257195e+01
1.814000000000000057e+02,-7.569388492152194203e+01
1.816000000000000227e+02,-7.541908916654925576e+01
1.818000000000000114e+02,-7.505198019651825803e+01
1.820000000000000000e+02,-7.510155681268692263e+01
1.822000000000000171e+02,-7.490462125035053020e+01
1.824000000000000057e+02,-7.533340597214068168e+01
1.826000000000000227e+02,-7.534053103230284876e+01
1.828000000000000114e+02,-7.570721071804203461e+01
1.830000000000000000e+02,-7.547007341756437881e+01
1.832000000000000171e+02,-7.520801669666354883e+01
1.834000000000000057e+02,-7.530281032826553655e+01
1.836000000000000227e+02,-7.488445409390529051e+01
1.838000000000000114e+02,-7.532501186715329311e+01
1.840000000000000000e+02,-7.506046383589732329e+01
1.842000000000000171e+02,-7.527351984913340743e+01
1.844000000000000057e+02,-7.547882606757063684e+01
1.846000000000000227e+02,-7.510075715750308234e+01
1.848000000000000114e+02,-7.549423024633242107e+01
1.850000000000000000e+02,-7.480636675354750764e+01
1.852000000000000171e+02,-7.543485933440793190e+01
1.854000000000000057e+02,-7.487659277167087168e+01
1.856000000000000227e+02,-7.516803948519678613e+01
1.858000000000000114e+02,-7.528330817137135966e+01
1.860000000000000000e+02,-7.470351244794922252e+01
1.862000000000000171e+02,-7.511707419129977836e+01
1.864000000000000057e+02,-7.551182367464906520e+01
1.866000000000000227e+02,-7.511381078632538788e+01
1.868000000000000114e+02,-7.525769414412903302e+01
1.870000000000000000e+02,-7.501821424129379068e+01
1.872000000000000171e+02,-7.499149210609964200e+01
1.874000000000000057e+02,-7.515449398350952492e+01
1.876000000000000227e+02,-7.493215543092304642e+01
1.878000000000000114e+02,-7.573842208450103897e+01
1.880000000000000000e+02,-7.472232076846860593e+01
1.882000000000000171e+02,-7.537476399472434707e+01
1.884000000000000057e+02,-7.463517905501777250e+01
1.886000000000000227e+02,-7.490743949255083578e+01
1.888000000000000114e+02,-7.502487795144453742e+01
1.890000000000000000e+02,-7.492420931496913283e+01
1.892000000000000171e+02,-7.514544961443404247e+01
1.894000000000000057e+02,-7.495131241516459397e+01
1.896000000000000227e+02,-7.464942668159928019e+01
1.898000000000000114e+02,-7.488253908031401807e+01
1.900000000000000000e+02,-7.524710384037391009e+01
1.902000000000000171e+02,-7.539094213878480844e+01
1.904000000000000057e+02,-7.541314987967663797e+01
1.906000000000000227e+02,-7.592458405561345103e+01
1.908000000000000114e+02,-7.519146632315786860e+01
1.910000000000000000e+02,-7.509937401951928848e+01
1.912000000000000171e+02,-7.521130167024038826e+01
1.914000000000000057e+02,-7.537781389350060124e+01
1.916000000000000227e+02,-7.532036081734250388e+01
1.918000000000000114e+02,-7.539585587196646088e+01
1.920000000000000000e+02,-7.504977411020068701e+01
1.922000000000000171e+02,-7.498884439993807405e+01
1.924000000000000057e+02,-7.501735668125053280e+01
1.926000000000000227e+02,-7.577790140784549067e+01
1.928000000000000114e+02,-7.507895235708529924e+01
1.930000000000000000e+02,-7.513108766516620562e+01
1.932000000000000171e+02,-7.535025420355249537e+01
1.934000000000000057e+02,-7.512973855531596712e+01
1.936000000000000227e+02,-7.525985916236922435e+01
1.938000000000000114e+02,-7.526274864210549254e+01
1.940000000000000000e+02,-7.555560797490979041e+01
1.942000000000000171e+02,-7.521423547648231533e+01
1.944000000000000057e+02,-7.529268436596851188e+01
1.946000000000000227e+02,-7.515211321634620845e+01
1.948000000000000114e+02,-7.536245543317892270e+01
1.950000000000000000e+02,-7.467047283799561797e+01
1.952000000000000171e+02,-7.498723583521892522e+01
1.954000000000000057e+02,-7.534582545115245011e+01
1.956000000000000227e+02,-7.472830397559921778e+01
1.958000000000000114e+02,-7.500206548887724978e+01
1.960000000000000000e+02,-7.509081758060662537e+01
1.962000000000000171e+02,-7.509585349348483874e+01
1.964000000000000057e+02,-7.537172592621055855e+01
1.966000000000000227e+02,-7.539278514425275546e+01
1.968000000000000114e+02,-7.516765934173959351e+01
1.970000000000000000e+02,-7.500298127616163413e+01
1.972000000000000171e+02,-7.517446307921576931e+01
1.974000000000000057e+02,-7.487927323975044658e+01
1.976000000000000227e+02,-7.520152005779175397e+01
1.978000000000000114e+02,-7.529707531717495783e+01
1.980000000000000000e+02,-7.509620018864838187e+01
1.982000000000000171e+02,-7.456561401176784898e+01
1.984000000000000057e+02,-7.528074090910077132e+01
1.986000000000000227e+02,-7.485702172418410782e+01
1.988000000000000114e+02,-7.471083832014815584e+01
1.990000000000000000e+02,-7.540454211986138944e+01
1.992000000000000171e+02,-7.523339792907789558e+01
1.994000000000000057e+02,-7.543184387002837354e+01
1.996000000000000227e+02,-7.501565637247679774e+01
1.998000000000000114e+02,-7.533953880296851935e+01
2.000000000000000000e+02,-7.454446448231632871e+01
2.002000000000000171e+02,-7.488727945357646831e+01
2.004000000000000057e+02,-7.510978381063189602e+01
2.006000000000000227e+02,-7.546020538461503691e+01
2.008000000000000114e+02,-7.503527358660296898e+01
2.010000000000000000e+02,-7.507971917526788275e+01
2.012000000000000171e+02,-7.527267683192067693e+01
2.014000000000000057e+02,-7.525481751221673221e+01
2.016000000000000227e+02,-7.529362487934766079e+01
2.018000000000000114e+02,-7.482400451314531153e+01
2.020000000000000000e+02,-7.553007143605978513e+01
2.022000000000000171e+02,-7.502312171535068330e+01
2.024000000000000057e+02,-7.459218513723540411e+01
2.026000000000000227e+02,-7.507065225969397204e+01
2.028000000000000114e+02,-7.475519291306106595e+01
2.030000000000000000e+02,-7.514483240216704019e+01
2.032000000000000171e+02,-7.546371269128476911e+01
2.034000000000000057e+02,-7.493888634069332966e+01
2.036000000000000227e+02,-7.548355084579517893e+01
2.038000000000000114e+02,-7.492387089385309196e+01
2.040000000000000000e+02,-7.508241425011367198e+01
2.042000000000000171e+02,-7.530009500286153923e+01
2.044000000000000057e+02,-7.497774198865081985e+01
2.046000000000000227e+02,-7.549005219032997616e+01
2.048000000000000114e+02,-7.533215683152522502e+01
2.050000000000000000e+02,-7.515386695223482150e+01
2.052000000000000171e+02,-7.505866247181542406e+01
2.054000000000000057e+02,-7.519007782788401073e+01
2.056000000000000227e+02,-7.506358083197066833e+01
2.058000000000000114e+02,-7.572180240203437052e+01
2.060000000000000000e+02,-7.534816433193185503e+01
2.062000000000000171e+02,-7.482077670405146819e+01
2.064000000000000057e+02,-7.517885958747177710e+01
2.066000000000000227e+02,-7.510248344936604781e+01
2.068000000000000114e+02,-7.556646643950013242e+01
2.070000000000000000e+02,-7.543348040672321986e+01
2.072000000000000171e+02,-7.541347204658903536e+01
2.074000000000000057e+02,-7.524811780943883832e+01
2.076000000000000227e+02,-7.461493144577420367e+01
2.078000000000000114e+02,-7.493880594491221814e+01
2.080000000000000000e+02,-7.506190982206221918e+01
2.082000000000000171e+02,-7.497999748497667838e+01
2.084000000000000057e+02,-7.495483514285069759e+01
2.086000000000000227e+02,-7.495757525833694501e+01
2.088000000000000114e+02,-7.540697533156235011e+01
2.090000000000000000e+02,-7.541233594449553834e+01
2.092000000000000171e+02,-7.529370557315844792e+01
2.094000000000000057e+02,-7.503025406360508498e+01
2.096000000000000227e+02,-7.503966318064557584e+01
2.098000000000000114e+02,-7.514694876160790216e+01
2.100000000000000000e+02,-7.517121353342984946e+01
2.102000000000000171e+02,-7.512143511372298121e+01
2.104000000000000057e+02,-7.493929011321307598e+01
2.106000000000000227e+02,-7.528760576954867645e+01
2.108000000000000114e+02,-7.511247437053373233e+01
2.110000000000000000e+02,-7.509090584056420425e+01
2.112000000000000171e+02,-7.541192866663034522e+01
2.114000000000000057e+02,-7.491528363921210598e+01
2.116000000000000227e+02,-7.475998421753519096e+01
2.118000000000000114e+02,-7.516562204423588867e+01
2.120000000000000000e+02,-7.571446541666618657e+01
2.122000000000000171e+02,-7.490584859610274293e+01
2.124000000000000057e+02,-7.492183947500076613e+01
2.126000000000000227e+02,-7.487546571655116168e+01
2.128000000000000114e+02,-7.532404409371279996e+01
2.130000000000000000e+02,-7.509730687881457811e+01
2.132000000000000171e+02,-7.554703164618759104e+01
2.134000000000000057e+02,-7.504019187101611976e+01
2.136000000000000227e+02,-7.502757253184969954e+01
2.138000000000000114e+02,-7.488135683849748148e+01
2.140000000000000000e+02,-7.463589672558083521e+01
2.142000000000000171e+02,-7.552320763427591999e+01
2.144000000000000057e+02,-7.479731055287251706e+01
2.146000000000000227e+02,-7.507376789976281373e+01
2.148000000000000114e+02,-7.542312409697019859e+01
2.150000000000000000e+02,-7.530194509335848352e+01
2.152000000000000171e+02,-7.487362712005877086e+01
2.154000000000000057e+02,-7.542052510843987534e+01
2.156000000000000227e+02,-7.550938659929660446e+01
2.158000000000000114e+02,-7.515186385295487526e+01
2.160000000000000000e+02,-7.579050253321449304e+01
2.162000000000000171e+02,-7.490944014863062250e+01
2.164000000000000057e+02,-7.494035376289598105e+01
2.166000000000000227e+02,-7.472891966246361051e+01
2.168000000000000114e+02,-7.482062882248547453e+01
2.170000000000000000e+02,-7.520127091703237454e+01
2.172000000000000171e+02,-7.506653666191371599e+01
2.174000000000000057e+02,-7.547265522290990702e+01
2.176000000000000227e+02,-7.508905701284585632e+01
2.178000000000000114e+02,-7.534670349195253891e+01
2.180000000000000000e+02,-7.514766026622436357e+01
2.182000000000000171e+02,-7.497181782136381401e+01
2.184000000000000057e+02,-7.509243863785546580e+01
2.186000000000000227e+02,-7.508292501775649441e+01
2.188000000000000114e+02,-7.577826740105814451e+01
2.190000000000000000e+02,-7.489321443719255456e+01
2.192000000000000171e+02,-7.502440007696000634e+01
2.194000000000000057e+02,-7.483800252180017765e+01
2.196000000000000227e+02,-7.530091756275542991e+01
2.198000000000000114e+02,-7.500956226296034401e+01
2.200000000000000000e+02,-7.489425444068538695e+01
2.202000000000000171e+02,-7.497996860614692594e+01
2.204000000000000057e+02,-7.536915947058993481e+01
2.206000000000000227e+02,-7.509719414256323944e+01
2.208000000000000114e+02,-7.534219151264963443e+01
2.210000000000000000e+02,-7.512570627664030098e+01
2.212000000000000171e+02,-7.502810107402659412e+01
2.214000000000000057e+02,-7.477815232671508738e+01
2.216000000000000227e+02,-7.553022040864148323e+01
2.218000000000000114e+02,-7.517042270401159954e+01
2.220000000000000000e+02,-7.528701958328248622e+01
2.222000000000000171e+02,-7.517805147579153413e+01
2.224000000000000057e+02,-7.543325680197172289e+01
2.226000000000000227e+02,-7.494373612433824405e+01
2.228000000000000114e+02,-7.500047407702835756e+01
2.230000000000000000e+02,-7.465260173449033232e+01
2.232000000000000171e+02,-7.530976723295616182e+01
2.234000000000000057e+02,-7.475221424895381972e+01
2.236000000000000227e+02,-7.497785519525648112e+01
2.238000000000000114e+02,-7.512719786591461002e+01
2.240000000000000000e+02,-7.558197243071226978e+01
2.242000000000000171e+02,-7.506047368948469511e+01
2.244000000000000057e+02,-7.536120746184158747e+01
2.246000000000000227e+02,-7.511554911927524358e+01
2.248000000000000114e+02,-7.527401577287240286e+01
2.250000000000000000e+02,-7.528900199920633440e+01
2.252000000000000171e+02,-7.486947896591998131e+01
2.254000000000000057e+02,-7.492919646131856837e+01
2.256000000000000227e+02,-7.520087179315912351e+01
2.258000000000000114e+02,-7.472556622957776540e+01
2.260000000000000000e+02,-7.501481605729524915e+01
2.262000000000000171e+02,-7.515741515036832254e+01
2.264000000000000057e+02,-7.488302108507903654e+01
2.266000000000000227e+02,-7.498953957887398758e+01
2.268000000000000114e+02,-7.521270440095661058e+01
2.270000000000000000e+02,-7.500419691917520026e+01
2.272000000000000171e+02,-7.540366857332121242e+01
2.274000000000000057e+02,-7.505417162116549434e+01
2.276000000000000227e+02,-7.522871039510006597e+01
2.278000000000000114e+02,-7.558853509505082968e+01
2.280000000000000000e+02,-7.478553845967408620e+01
2.282000000000000171e+02,-7.519076957619270729e+01
2.284000000000000057e+02,-7.506111994656541242e+01
2.286000000000000227e+02,-7.481621283264772160e+01
2.288000000000000114e+02,-7.555397188478373494e+01
2.290000000000000000e+02,-7.489983187770721429e+01
2.292000000000000171e+02,-7.485468176670784146e+01
2.294000000000000057e+02,-7.489653628337487135e+01
2.296000000000000227e+02,-7.503938603058823276e+01
2.298000000000000114e+02,-7.544143467498368238e+01
2.300000000000000000e+02,-7.541535775546394405e+01
2.302000000000000171e+02,-7.491564323685751958e+01
2.304000000000000057e+02,-7.519175231791864178e+01
2.306000000000000227e+02,-7.490357322903793147e+01
2.308000000000000114e+02,-7.548182860541048456e+01
2.310000000000000000e+02,-7.534034997134003220e+01
2.312000000000000171e+02,-7.532221334369354793e+01
2.314000000000000057e+02,-7.517798065299307098e+01
2.316000000000000227e+02,-7.471993317387277500e+01
2.318000000000000114e+02,-7.545003505517364317e+01
2.320000000000000000e+02,-7.493223939072889550e+01
2.322000000000000171e+02,-7.540124290733649559e+01
2.324000000000000057e+02,-7.524413970439860577e+01
2.326000000000000227e+02,-7.568245985772169604e+01
2.328000000000000114e+02,-7.524519941706789439e+01
2.330000000000000000e+02,-7.535982311018544522e+01
2.332000000000000171e+02,-7.511341391528559086e+01
2.334000000000000057e+02,-7.486429708311496256e+01
2.336000000000000227e+02,-7.503925880927744174e+01
2.338000000000000114e+02,-7.493861527808294909e+01
2.340000000000000000e+02,-7.566485469914931627e+01
2.342000000000000171e+02,-7.503445391679447596e+01
2.344000000000000057e+02,-7.500290749730751827e+01
2.346000000000000227e+02,-7.531762413494598718e+01
2.348000000000000114e+02,-7.515681224595746812e+01
2.350000000000000000e+02,-7.485224934022595278e+01
2.352000000000000171e+02,-7.490095641312785801e+01
2.354000000000000057e+02,-7.501337583061662428e+01
2.356000000000000227e+02,-7.483904660516968477e+01
2.358000000000000114e+02,-7.517581862981963070e+01
2.360000000000000000e+02,-7.487175838006551487e+01
2.362000000000000171e+02,-7.476911821937862612e+01
2.364000000000000057e+02,-7.515486284731412070e+01
2.366000000000000227e+02,-7.499285861846985313e+01
2.368000000000000114e+02,-7.520286411023009521e+01
2.370000000000000000e+02,-7.525063509112159466e+01
2.372000000000000171e+02,-7.494183938144399804e+01
2.374000000000000057e+02,-7.498724654999000450e+01
2.376000000000000227e+02,-7.516350021913139301e+01
2.378000000000000114e+02,-7.519627151512139562e+01
2.380000000000000000e+02,-7.457491802343268716e+01
2.382000000000000171e+02,-7.472064284438191351e+01
2.384000000000000057e+02,-7.520620091640439853e+01
2.386000000000000227e+02,-7.493963629470974297e+01
2.388000000000000114e+02,-7.485064318616061030e+01
2.390000000000000000e+02,-7.529847255741417200e+01
2.392000000000000171e+02,-7.509350423125329144e+01
2.394000000000000057e+02,-7.491104268369443275e+01
2.396000000000000227e+02,-7.497722942702030480e+01
2.398000000000000114e+02,-7.499231572023904846e+01
2.400000000000000000e+02,-7.513049277370768664e+01
2.402000000000000171e+02,-7.510744304152211726e+01
2.404000000000000057e+02,-7.521209888456526471e+01
2.406000000000000227e+02,-7.517443766435742702e+01
2.408000000000000114e+02,-7.544874529737018065e+01
2.410000000000000000e+02,-7.509522921600351708e+01
2.412000000000000171e+02,-7.502461168078227161e+01
2.414000000000000057e+02,-7.503397952630463408e+01
2.416000000000000227e+02,-7.455509975360060082e+01
2.418000000000000114e+02,-7.559531714017305148e+01
2.420000000000000000e+02,-7.512576075888787841e+01
2.422000000000000171e+02,-7.521824910405968012e+01
2.424000000000000057e+02,-7.488733014195288717e+01
2.426000000000000227e+02,-7.537376940703330774e+01
2.428000000000000114e+02,-7.533344992374551907e+01
2.430000000000000000e+02,-7.538012830496032279e+01
2.432000000000000171e+02,-7.511649560648250201e+01
2.434000000000000057e+02,-7.536810743959431136e+01
2.436000000000000227e+02,-7.476243980703874570e+01
2.438000000000000114e+02,-7.501805957130437719e+01
2.440000000000000000e+02,-7.518486926356524691e+01
2.442000000000000171e+02,-7.527216490903360580e+01
2.444000000000000057e+02,-7.512085704426348798e+01
2.446000000000000227e+02,-7.510428459020597813e+01
2.448000000000000114e+02,-7.523399107548566178e+01
2.450000000000000000e+02,-7.522962041739059202e+01
2.452000000000000171e+02,-7.545939148145836839e+01
2.454000000000000057e+02,-7.522163516676224049e+01
2.456000000000000227e+02,-7.493448100007323376e+01
2.458000000000000114e+02,-7.512211142546968290e+01
2.460000000000000000e+02,-7.499372826890490273e+01
2.462000000000000171e+02,-7.552443826175124286e+01
2.464000000000000057e+02,-7.521010335491763499e+01
2.466000000000000227e+02,-7.500876630980273774e+01
2.468000000000000114e+02,-7.542917326198372052e+01
2.470000000000000000e+02,-7.513589462673935770e+01
2.472000000000000171e+02,-7.506894832995956790e+01
2.474000000000000057e+02,-7.528177712436219338e+01
2.476000000000000227e+02,-7.492482837680944385e+01
2.478000000000000114e+02,-7.515337649468087022e+01
2.480000000000000000e+02,-7.473951379906385739e+01
2.482000000000000171e+02,-7.561413950519641958e+01
2.484000000000000057e+02,-7.479127688578739708e+01
2.486000000000000227e+02,-7.550386856442250405e+01
2.488000000000000114e+02,-7.532697186211072449e+01
2.490000000000000000e+02,-7.516617967911977871e+01
2.492000000000000171e+02,-7.529663830576492956e+01
2.494000000000000057e+02,-7.459735729360018297e+01
2.496000000000000227e+02,-7.553752767119222256e+01
2.498000000000000114e+02,-7.541746409877990232e+01
2.500000000000000000e+02,-7.524690172625619766e+01
2.502000000000000171e+02,-7.533390512414673879e+01
2.504000000000000057e+02,-7.495465319248071978e+01
2.506000000000000227e+02,-7.489202083779760244e+01
2.508000000000000114e+02,-7.545166565723094720e+01
2.510000000000000000e+02,-7.507540595334890554e+01
2.512000000000000171e+02,-7.510105320093293813e+01
2.514000000000000057e+02,-7.522322146699647760e+01
2.516000000000000227e+02,-7.537325466507469685e+01
2.518000000000000114e+02,-7.552944424857493289e+01
2.520000000000000000e+02,-7.541663983516622238e+01
2.522000000000000171e+02,-7.554174815477017546e+01
2.524000000000000057e+02,-7.503846652650770466e+01
2.526000000000000227e+02,-7.509282554730580728e+01
2.528000000000000114e+02,-7.511843177437620511e+01
2.530000000000000000e+02,-7.496038349655430011e+01
2.532000000000000171e+02,-7.542287237584004345e+01
2.534000000000000057e+02,-7.502930208949345570e+01
2.536000000000000227e+02,-7.503009270272129072e+01
2.538000000000000114e+02,-7.536838806252784195e+01
2.540000000000000000e+02,-7.509235500054495560e+01
2.542000000000000171e+02,-7.526418516779376944e+01
2.544000000000000057e+02,-7.505391951659139238e+01
2.546000000000000227e+02,-7.499876794321929196e+01
2.548000000000000114e+02,-7.500324919630371312e+01
2.550000000000000000e+02,-7.522889158202224280e+01
2.552000000000000171e+02,-7.546139399575238826e+01
2.554000000000000057e+02,-7.477370116503929864e+01
2.556000000000000227e+02,-7.517846260761243116e+01
2.558000000000000114e+02,-7.526819293226030538e+01
2.560000000000000000e+02,-7.501034517878498775e+01
2.561999999999999886e+02,-7.484303792970945324e+01
2.564000000000000341e+02,-7.522602244341769051e+01
2.566000000000000227e+02,-7.543861304112084554e+01
2.568000000000000114e+02,-7.505793153537703688e+01
2.570000000000000000e+02,-7.532878378588961255e+01
2.571999999999999886e+02,-7.509908926379850413e+01
2.574000000000000341e+02,-7.492532086786926016e+01
2.576000000000000227e+02,-7.495667559524625290e+01
2.578000000000000114e+02,-7.527765925752495946e+01
2.580000000000000000e+02,-7.476208493194194205e+01
2.581999999999999886e+02,-7.488035858647459975e+01
2.584000000000000341e+02,-7.506968530237121229e+01
2.586000000000000227e+02,-7.549819034583373423e+01
2.588000000000000114e+02,-7.530654818366932091e+01
2.590000000000000000e+02,-7.502800230005344417e+01
2.591999999999999886e+02,-7.535285675191254029e+01
2.594000000000000341e+02,-7.490769771717720005e+01
2.596000000000000227e+02,-7.523199278340777596e+01
2.598000000000000114e+02,-7.489377498257759669e+01
2.600000000000000000e+02,-7.490744800208982213e+01
2.601999999999999886e+02,-7.519448347099199736e+01
2.604000000000000341e+02,-7.519833530628034168e+01
2.606000000000000227e+02,-7.520814402543123833e+01
2.608000000000000114e+02,-7.533598900794333986e+01
2.610000000000000000e+02,-7.530467722098778438e+01
2.611999999999999886e+02,-7.514946461164072389e+01
2.614000000000000341e+02,-7.498879871212479031e+01
2.616000000000000227e+02,-7.557132474320805215e+01
2.618000000000000114e+02,-7.519489327398876810e+01
2.620000000000000000e+02,-7.500212165500279582e+01
2.621999999999999886e+02,-7.553143766776349821e+01
2.624000000000000341e+02,-7.509441443719052245e+01
2.626000000000000227e+02,-7.477662969509184165e+01
2.628000000000000114e+02,-7.529921194095346948e+01
2.630000000000000000e+02,-7.548786902109087293e+01
2.631999999999999886e+02,-7.560020224910482511e+01
2.634000000000000341e+02,-7.490979720805179909e+01
2.636000000000000227e+02,-7.563920580767624813e+01
2.638000000000000114e+02,-7.476387018762908099e+01
2.640000000000000000e+02,-7.530714739401662428e+01
2.641999999999999886e+02,-7.507385148957504839e+01
2.644000000000000341e+02,-7.522120570299657061e+01
2.646000000000000227e+02,-7.494366012954256462e+01
2.648000000000000114e+02,-7.537364570352147553e+01
2.650000000000000000e+02,-7.470112666179652194e+01
2.651999999999999886e+02,-7.526323970920429929e+01
2.654000000000000341e+02,-7.533584813763769716e+01
2.656000000000000227e+02,-7.529249658313115390e+01
2.658000000000000114e+02,-7.530613345464641384e+01
2.660000000000000000e+02,-7.462859816336842300e+01
2.661999999999999886e+02,-7.474175173383781612e+01
2.664000000000000341e+02,-7.516460137276976639e+01
2.666000000000000227e+02,-7.547373969595457766e+01
2.668000000000000114e+02,-7.503379547302972696e+01
2.670000000000000000e+02,-7.515486059461603929e+01
2.671999999999999886e+02,-7.519019859159821806e+01
2.674000000000000341e+02,-7.499950163005273396e+01
2.676000000000000227e+02,-7.500549495319621940e+01
2.678000000000000114e+02,-7.534004280916147422e+01
2.680000000000000000e+02,-7.479864935434933670e+01
2.681999999999999886e+02,-7.509648621138278202e+01
2.684000000000000341e+02,-7.495054050254246647e+01
2.686000000000000227e+02,-7.545891347923165426e+01
2.688000000000000114e+02,-7.496065262764477666e+01
2.690000000000000000e+02,-7.538971228402276381e+01
2.691999999999999886e+02,-7.520532217610862347e+01
2.694000000000000341e+02,-7.548990288751073763e+01
2.696000000000000227e+02,-7.518391016069620036e+01
2.698000000000000114e+02,-7.486243738770473044e+01
2.700000000000000000e+02,-7.554506851995741101e+01
2.701999999999999886e+02,-7.520997070709523769e+01
2.704000000000000341e+02,-7.521664182820548206e+01
2.706000000000000227e+02,-7.516027038934242910e+01
2.708000000000000114e+02,-7.505396083170056443e+01
2.710000000000000000e+02,-7.514930715670705297e+01
2.711999999999999886e+02,-7.505782565878686796e+01
2.714000000000000341e+02,-7.516394895448087254e+01
2.716000000000000227e+02,-7.507203813020925054e+01
2.718000000000000114e+02,-7.500942753435158750e+01
2.720000000000000000e+02,-7.565250918407842562e+01
2.721999999999999886e+02,-7.452381800460690897e+01
2.724000000000000341e+02,-7.464807944303655063e+01
2.726000000000000227e+02,-7.518426369584555857e+01
2.728000000000000114e+02,-7.515294558234541000e+01
2.730000000000000000e+02,-7.483820163049828977e+01
2.731999999999999886e+02,-7.549826022308911888e+01
2.734000000000000341e+02,-7.552866745650649705e+01
2.736000000000000227e+02,-7.458407534711786013e+01
2.738000000000000114e+02,-7.550986805151821102e+01
2.740000000000000000e+02,-7.517406911770832778e+01
2.741999999999999886e+02,-7.516721468733078382e+01
2.744000000000000341e+02,-7.516640419119956107e+01
2.746000000000000227e+02,-7.545088770881814355e+01
2.748000000000000114e+02,-7.473300312078173135e+01
2.750000000000000000e+02,-7.572661519599721203e+01
2.751999999999999886e+02,-7.513350370710639936e+01
2.754000000000000341e+02,-7.478354894015495802e+01
2.756000000000000227e+02,-7.516283489255575034e+01
2.758000000000000114e+02,-7.524919108418644953e+01
2.760000000000000000e+02,-7.547934706221103340e+01
2.761999999999999886e+02,-7.516893224626599590e+01
2.764000000000000341e+02,-7.536884766734716834e+01
2.766000000000000227e+02,-7.531854606395756946e+01
2.768000000000000114e+02,-7.500935794382471045e+01
2.770000000000000000e+02,-7.555992125397803250e+01
2.771999999999999886e+02,-7.523752107099362263e+01
2.774000000000000341e+02,-7.519627248861972646e+01
2.776000000000000227e+02,-7.530771883631085473e+01
2.778000000000000114e+02,-7.503035347841824887e+01
2.780000000000000000e+02,-7.497303948100692139e+01
2.781999999999999886e+02,-7.484495999903718655e+01
2.784000000000000341e+02,-7.549019567974883671e+01
2.786000000000000227e+02,-7.513669276324256430e+01
2.788000000000000114e+02,-7.517921579708155377e+01
2.790000000000000000e+02,-7.541782510338369150e+01
2.791999999999999886e+02,-7.524786215051842930e+01
2.794000000000000341e+02,-7.503694411265399822e+01
2.796000000000000227e+02,-7.503408049871761420e+01
2.798000000000000114e+02,-7.514210068714186264e+01
2.800000000000000000e+02,-7.512064141646631299e+01
2.801999999999999886e+02,-7.529120687567532855e+01
2.804000000000000341e+02,-7.562023240779157618e+01
2.806000000000000227e+02,-7.510986876610481033e+01
2.808000000000000114e+02,-7.515736629175353301e+01
2.810000000000000000e+02,-7.508151382854163103e+01
2.811999999999999886e+02,-7.501024872712361002e+01
2.814000000000000341e+02,-7.510931455378990051e+01
2.816000000000000227e+02,-7.520497337746117239e+01
2.818000000000000114e+02,-7.526163843986394397e+01
2.820000000000000000e+02,-7.518756685029291020e+01
2.821999999999999886e+02,-7.456917384056878007e+01
2.824000000000000341e+02,-7.519823285379266053e+01
2.826000000000000227e+02,-7.524984961893193258e+01
2.828000000000000114e+02,-7.507738688477729738e+01
2.830000000000000000e+02,-7.513329810904905059e+01
2.831999999999999886e+02,-7.527338683120440521e+01
2.834000000000000341e+02,-7.512485189403795971e+01
2.836000000000000227e+02,-7.489087680245934564e+01
2.838000000000000114e+02,-7.537792141527692991e+01
2.840000000000000000e+02,-7.516670049144742904e+01
2.841999999999999886e+02,-7.476631095196775334e+01
2.844000000000000341e+02,-7.510347807656000896e+01
2.846000000000000227e+02,-7.510194291313204928e+01
2.848000000000000114e+02,-7.485381919021462238e+01
2.850000000000000000e+02,-7.504273731549918125e+01
2.851999999999999886e+02,-7.528580803229274920e+01
2.854000000000000341e+02,-7.546118427963031650e+01
2.856000000000000227e+02,-7.538232603917425934e+01
2.858000000000000114e+02,-7.492799386817435447e+01
2.860000000000000000e+02,-7.514582118222972440e+01
2.861999999999999886e+02,-7.497274078214063309e+01
2.864000000000000341e+02,-7.498360955789721061e+01
2.866000000000000227e+02,-7.494853869065451590e+01
2.868000000000000114e+02,-7.495963158413692895e+01
2.870000000000000000e+02,-7.499159885041946438e+01
2.871999999999999886e+02,-7.493984048725306479e+01
2.874000000000000341e+02,-7.505198205632028419e+01
2.876000000000000227e+02,-7.448221841071752181e+01
2.878000000000000114e+02,-7.504952750298559749e+01
2.880000000000000000e+02,-7.482684674884211518e+01
2.881999999999999886e+02,-7.520613656043079231e+01
2.884000000000000341e+02,-7.549100746439759746e+01
2.886000000000000227e+02,-7.523117969836077634e+01
2.888000000000000114e+02,-7.539195136288513766e+01
2.890000000000000000e+02,-7.503619040851283728e+01
2.891999999999999886e+02,-7.536385586282804638e+01
2.894000000000000341e+02,-7.513796116198237485e+01
2.896000000000000227e+02,-7.526063324826309042e+01
2.898000000000000114e+02,-7.531506150303651737e+01
2.900000000000000000e+02,-7.517013102761391963e+01
2.901999999999999886e+02,-7.504487338814463726e+01
2.904000000000000341e+02,-7.495217023607405338e+01
2.906000000000000227e+02,-7.505453987159532403e+01
2.908000000000000114e+02,-7.519532243754599676e+01
2.910000000000000000e+02,-7.484776090060471176e+01
2.911999999999999886e+02,-7.505577164216732911e+01
2.914000000000000341e+02,-7.535293344529158333e+01
2.916000000000000227e+02,-7.523290434207339672e+01
2.918000000000000114e+02,-7.544471928275849848e+01
2.920000000000000000e+02,-7.491579292338663265e+01
2.921999999999999886e+02,-7.501085034333291901e+01
2.924000000000000341e+02,-7.509969876184435122e+01
2.926000000000000227e+02,-7.558609086785124020e+01
2.928000000000000114e+02,-7.484081430471481156e+01
2.930000000000000000e+02,-7.496631905963775466e+01
2.931999999999999886e+02,-7.542547746501955430e+01
2.934000000000000341e+02,-7.477784946805577704e+01
2.936000000000000227e+02,-7.504919729201911593e+01
2.938000000000000114e+02,-7.503063757459167959e+01
2.940000000000000000e+02,-7.495528282890330729e+01
2.941999999999999886e+02,-7.536593062200394399e+01
2.944000000000000341e+02,-7.517626980440213913e+01
2.946000000000000227e+02,-7.522363666176893560e+01
2.948000000000000114e+02,-7.527616236114027970e+01
2.950000000000000000e+02,-7.503414991984705296e+01
2.951999999999999886e+02,-7.491842653751338332e+01
2.954000000000000341e+02,-7.515179584909481036e+01
2.956000000000000227e+02,-7.490532441456790025e+01
2.958000000000000114e+02,-7.477171554178733004e+01
2.960000000000000000e+02,-7.567391599799269386e+01
2.961999999999999886e+02,-7.524352643390128037e+01
2.964000000000000341e+02,-7.568333854109690151e+01
2.966000000000000227e+02,-7.511400374139842029e+01
2.968000000000000114e+02,-7.524816884688490859e+01
2.970000000000000000e+02,-7.537741023262296380e+01
2.971999999999999886e+02,-7.490059523909904726e+01
2.974000000000000341e+02,-7.486322182001150338e+01
2.976000000000000227e+02,-7.558401309148024438e+01
2.978000000000000114e+02,-7.547177429641898527e+01
2.980000000000000000e+02,-7.469588953259491859e+01
2.981999999999999886e+02,-7.521234880805374701e+01
2.984000000000000341e+02,-7.484086934743574204e+01
2.986000000000000227e+02,-7.528455654237593819e+01
2.988000000000000114e+02,-7.528184535856799187e+01
2.990000000000000000e+02,-7.490552653470086852e+01
2.991999999999999886e+02,-7.529629876038649172e+01
2.994000000000000341e+02,-7.468855420483917840e+01
2.996000000000000227e+02,-7.542946198617640619e+01
2.998000000000000114e+02,-7.525912685278335346e+01
3.000000000000000000e+02,-7.511661580019841722e+01
3.001999999999999886e+02,-7.509671208352054350e+01
3.004000000000000341e+02,-7.490238588120963925e+01
3.006000000000000227e+02,-7.482450602895920611e+01
3.008000000000000114e+02,-7.540156604329580148e+01
3.010000000000000000e+02,-7.521924164870392815e+01
3.011999999999999886e+02,-7.486953387320698994e+01
3.014000000000000341e+02,-7.522160983726936934e+01
3.016000000000000227e+02,-7.573996905679572933e+01
3.018000000000000114e+02,-7.543196468701891888e+01
3.020000000000000000e+02,-7.529941850320957997e+01
3.021999999999999886e+02,-7.522021179425254900e+01
3.024000000000000341e+02,-7.489702392722080049e+01
3.026000000000000227e+02,-7.506050406715719703e+01
3.028000000000000114e+02,-7.507390571049236883e+01
3.030000000000000000e+02,-7.517424794296753987e+01
3.031999999999999886e+02,-7.509641007420796655e+01
3.034000000000000341e+02,-7.490699142828057688e+01
3.036000000000000227e+02,-7.506373018950796450e+01
3.038000000000000114e+02,-7.519579252383900325e+01
3.040000000000000000e+02,-7.533149191175472481e+01
3.041999999999999886e+02,-7.500662323965973144e+01
3.044000000000000341e+02,-7.509559509039408454e+01
3.046000000000000227e+02,-7.514432405098479251e+01
3.048000000000000114e+02,-7.501500892253093866e+01
3.050000000000000000e+02,-7.508478650554299350e+01
3.051999999999999886e+02,-7.541992462341650594e+01
3.054000000000000341e+02,-7.506333467069156029e+01
3.056000000000000227e+02,-7.504453126634822979e+01
3.058000000000000114e+02,-7.480886657200331058e+01
3.060000000000000000e+02,-7.489540797328911026e+01
3.061999999999999886e+02,-7.496946400029111146e+01
3.064000000000000341e+02,-7.485358413978939041e+01
3.066000000000000227e+02,-7.539254830299120158e+01
3.068000000000000114e+02,-7.481277122916934275e+01
3.070000000000000000e+02,-7.492037035774866638e+01
3.072000000000000455e+02,-7.526874322281109642e+01
3.074000000000000341e+02,-7.507733966601972497e+01
3.076000000000000227e+02,-7.524660047067700930e+01
3.078000000000000114e+02,-7.499908700391836192e+01
3.080000000000000000e+02,-7.517363850121624580e+01
3.082000000000000455e+02,-7.430261404330201458e+01
3.084000000000000341e+02,-7.482442236921014000e+01
3.086000000000000227e+02,-7.479600408617487517e+01
3.088000000000000114e+02,-7.520761899119320049e+01
3.090000000000000000e+02,-7.503585632285961537e+01
3.092000000000000455e+02,-7.530022037668916823e+01
3.094000000000000341e+02,-7.499060149270997044e+01
3.096000000000000227e+02,-7.519055391702478630e+01
3.098000000000000114e+02,-7.507028932682918310e+01
3.100000000000000000e+02,-7.532187380331323823e+01
3.102000000000000455e+02,-7.557304808855549538e+01
3.104000000000000341e+02,-7.523440530892639799e+01
3.106000000000000227e+02,-7.505810392046630852e+01
3.108000000000000114e+02,-7.520345243543131630e+01
3.110000000000000000e+02,-7.524206681372861283e+01
3.112000000000000455e+02,-7.517260762042259614e+01
3.114000000000000341e+02,-7.461428783504828743e+01
3.116000000000000227e+02,-7.577557373746977021e+01
3.118000000000000114e+02,-7.538829329539682078e+01
3.120000000000000000e+02,-7.513903050616222856e+01
3.122000000000000455e+02,-7.500277774624903770e+01
3.124000000000000341e+02,-7.568657922721271802e+01
3.126000000000000227e+02,-7.470596473217052846e+01
3.128000000000000114e+02,-7.504993560558872900e+01
3.130000000000000000e+02,-7.535838975801358686e+01
3.132000000000000455e+02,-7.541013473744794737e+01
3.134000000000000341e+02,-7.490682805030198210e+01
3.136000000000000227e+02,-7.511163875250191779e+01
3.138000000000000114e+02,-7.549707381665437822e+01
3.140000000000000000e+02,-7.516852010749545343e+01
3.142000000000000455e+02,-7.480906295036808729e+01
3.144000000000000341e+02,-7.556135492182944802e+01
3.146000000000000227e+02,-7.457698160454137337e+01
3.148000000000000114e+02,-7.509955570442491535e+01
3.150000000000000000e+02,-7.512981902890899732e+01
3.152000000000000455e+02,-7.533771674586603240e+01
3.154000000000000341e+02,-7.573960632542666360e+01
3.156000000000000227e+02,-7.515689688549801417e+01
3.158000000000000114e+02,-7.521574086239314738e+01
3.160000000000000000e+02,-7.516815200969827515e+01
3.162000000000000455e+02,-7.548089501528562550e+01
3.164000000000000341e+02,-7.509198140853816028e+01
3.166000000000000227e+02,-7.514311061112165646e+01
3.168000000000000114e+02,-7.539643014837758983e+01
3.170000000000000000e+02,-7.507423371595292849e+01
3.172000000000000455e+02,-7.513555382271064786e+01
3.174000000000000341e+02,-7.490931782882809387e+01
3.176000000000000227e+02,-7.515076349137950729e+01
3.178000000000000114e+02,-7.536409475365768174e+01
3.180000000000000000e+02,-7.489944036578347664e+01
3.182000000000000455e+02,-7.528837297493282676e+01
3.184000000000000341e+02,-7.508421924001140724e+01
3.186000000000000227e+02,-7.507524725331050774e+01
3.188000000000000114e+02,-7.502691640369107517e+01
3.190000000000000000e+02,-7.501592651523768041e+01
3.192000000000000455e+02,-7.495363717190430464e+01
3.194000000000000341e+02,-7.496122900151681279e+01
3.196000000000000227e+02,-7.520118117898583421e+01
3.198000000000000114e+02,-7.474035905969043370e+01
3.200000000000000000e+02,-7.529561145505149966e+01
3.202000000000000455e+02,-7.504793617859408528e+01
3.204000000000000341e+02,-7.553582785130012667e+01
3.206000000000000227e+02,-7.481559277972256439e+01
3.208000000000000114e+02,-7.508535267966288984e+01
3.210000000000000000e+02,-7.532741552703981824e+01
3.212000000000000455e+02,-7.544721510369893736e+01
3.214000000000000341e+02,-7.479870167096893852e+01
3.216000000000000227e+02,-7.552177037317360941e+01
3.218000000000000114e+02,-7.513716639185992108e+01
3.220000000000000000e+02,-7.537385241286780513e+01
3.222000000000000455e+02,-7.518589451551814307e+01
3.224000000000000341e+02,-7.523799913764378289e+01
3.226000000000000227e+02,-7.543902081722535513e+01
3.228000000000000114e+02,-7.498509208016461969e+01
3.230000000000000000e+02,-7.493872106370629638e+01
3.232000000000000455e+02,-7.490782608318505709e+01
3.234000000000000341e+02,-7.559160620482840898e+01
3.236000000000000227e+02,-7.562108284286236426e+01
3.238000000000000114e+02,-7.490260427875956850e+01
3.240000000000000000e+02,-7.516341477410608718e+01
3.242000000000000455e+02,-7.478700204487978453e+01
3.244000000000000341e+02,-7.535633504128735183e+01
3.246000000000000227e+02,-7.491884082448436288e+01
3.248000000000000114e+02,-7.531513203861817374e+01
3.250000000000000000e+02,-7.531333225287929167e+01
3.252000000000000455e+02,-7.487550956014459302e+01
3.254000000000000341e+02,-7.498792124088657829e+01
3.256000000000000227e+02,-7.482065783697147765e+01
3.258000000000000114e+02,-7.538981976317070632e+01
3.260000000000000000e+02,-7.506723586214870636e+01
3.262000000000000455e+02,-7.516977362377041061e+01
3.264000000000000341e+02,-7.499465317674720666e+01
3.266000000000000227e+02,-7.530520787192492094e+01
3.268000000000000114e+02,-7.490267652930491238e+01
3.270000000000000000e+02,-7.496998328210408147e+01
3.272000000000000455e+02,-7.500633698931116555e+01
3.274000000000000341e+02,-7.503509796218880012e+01
3.276000000000000227e+02,-7.509145829873001787e+01
3.278000000000000114e+02,-7.501742284775926350e+01
3.280000000000000000e+02,-7.556979858469080114e+01
3.282000000000000455e+02,-7.526632366912176053e+01
3.284000000000000341e+02,-7.559874261628840486e+01
3.286000000000000227e+02,-7.530875118171199745e+01
3.288000000000000114e+02,-7.532327217130591634e+01
3.290000000000000000e+02,-7.512766297897707091e+01
3.292000000000000455e+02,-7.515646545410821489e+01
3.294000000000000341e+02,-7.535882384436055759e+01
3.296000000000000227e+02,-7.530330748184832146e+01
3.298000000000000114e+02,-7.521072540653510430e+01
3.300000000000000000e+02,-7.513289093936792540e+01
3.302000000000000455e+02,-7.522915553409451661e+01
3.304000000000000341e+02,-7.540214246352709893e+01
3.306000000000000227e+02,-7.549747414346076368e+01
3.308000000000000114e+02,-7.518727591395183651e+01
3.310000000000000000e+02,-7.521816406386501797e+01
3.312000000000000455e+02,-7.501665693820420699e+01
3.314000000000000341e+02,-7.500714936076280992e+01
3.316000000000000227e+02,-7.516591581061322813e+01
3.318000000000000114e+02,-7.539075530863019026e+01
3.320000000000000000e+02,-7.488605482605801456e+01
3.322000000000000455e+02,-7.496634330231708532e+01
3.324000000000000341e+02,-7.522501083994659155e+01
3.326000000000000227e+02,-7.529614695719955364e+01
3.328000000000000114e+02,-7.503988825161556520e+01
3.330000000000000000e+02,-7.539250917479087377e+01
3.332000000000000455e+02,-7.561569353774115143e+01
3.334000000000000341e+02,-7.489912252092605627e+01
3.336000000000000227e+02,-7.500147800420580779e+01
3.338000000000000114e+02,-7.504064063529429518e+01
3.340000000000000000e+02,-7.544682526944342271e+01
3.342000000000000455e+02,-7.487044245846372803e+01
3.344000000000000341e+02,-7.502735903418843577e+01
3.346000000000000227e+02,-7.509581047361758976e+01
3.348000000000000114e+02,-7.452411978428422401e+01
3.350000000000000000e+02,-7.527785390000904897e+01
3.352000000000000455e+02,-7.526243576595062734e+01
3.354000000000000341e+02,-7.443922088182890207e+01
3.356000000000000227e+02,-7.483569391380747504e+01
3.358000000000000114e+02,-7.526484978573874685e+01
3.360000000000000000e+02,-7.541925338390529987e+01
3.362000000000000455e+02,-7.532042578349295070e+01
3.364000000000000341e+02,-7.557537578108926368e+01
3.366000000000000227e+02,-7.513293328843458596e+01
3.368000000000000114e+02,-7.518002385487847050e+01
3.370000000000000000e+02,-7.531710418595393719e+01
3.372000000000000455e+02,-7.504880291297840245e+01
3.374000000000000341e+02,-7.472262679209633518e+01
3.376000000000000227e+02,-7.527488439250059571e+01
3.378000000000000114e+02,-7.514004703610477520e+01
3.380000000000000000e+02,-7.519268563015623386e+01
3.382000000000000455e+02,-7.561210766816326156e+01
3.384000000000000341e+02,-7.466002600630875463e+01
3.386000000000000227e+02,-7.502527712894772094e+01
3.388000000000000114e+02,-7.525418000744737412e+01
3.390000000000000000e+02,-7.540011838072992134e+01
3.392000000000000455e+02,-7.468456953601196346e+01
3.394000000000000341e+02,-7.530945959248776944e+01
3.396000000000000227e+02,-7.485136857388017972e+01
3.398000000000000114e+02,-7.517813896158958187e+01
3.400000000000000000e+02,-7.554855796893409092e+01
3.402000000000000455e+02,-7.494143380982832525e+01
3.404000000000000341e+02,-7.535832737382881419e+01
3.406000000000000227e+02,-7.482200920011074174e+01
3.408000000000000114e+02,-7.531319911049985194e+01
3.410000000000000000e+02,-7.495605875810286989e+01
3.412000000000000455e+02,-7.483450241052803165e+01
3.414000000000000341e+02,-7.509461329213290526e+01
3.416000000000000227e+02,-7.564143231433466497e+01
3.418000000000000114e+02,-7.511457227410531345e+01
3.420000000000000000e+02,-7.534816167261784869e+01
3.422000000000000455e+02,-7.497745018107750070e+01
3.424000000000000341e+02,-7.474020034015039471e+01
3.426000000000000227e+02,-7.495182655246173908e+01
3.428000000000000114e+02,-7.525272400780119142e+01
3.430000000000000000e+02,-7.543342542861240929e+01
3.432000000000000455e+02,-7.515927571005865104e+01
3.434000000000000341e+02,-7.498738515215076461e+01
3.436000000000000227e+02,-7.502784236283673636e+01
3.438000000000000114e+02,-7.481469635321833778e+01
3.440000000000000000e+02,-7.546906831111724046e+01
3.442000000000000455e+02,-7.498276039240532498e+01
3.444000000000000341e+02,-7.494553035529526142e+01
3.446000000000000227e+02,-7.521794876976123589e+01
3.448000000000000114e+02,-7.508563215880016628e+01
3.450000000000000000e+02,-7.483730971084486328e+01
3.452000000000000455e+02,-7.519524692428481671e+01
3.454000000000000341e+02,-7.542512073227139524e+01
3.456000000000000227e+02,-7.527848688257715537e+01
3.458000000000000114e+02,-7.510892570910003485e+01
3.460000000000000000e+02,-7.500796391733884150e+01
3.462000000000000455e+02,-7.532560860705766004e+01
3.464000000000000341e+02,-7.493353631039863672e+01
3.466000000000000227e+02,-7.503066798395862236e+01
3.468000000000000114e+02,-7.510318282191498440e+01
3.470000000000000000e+02,-7.487524343333522836e+01
3.472000000000000455e+02,-7.527913512214387026e+01
3.474000000000000341e+02,-7.524881210603756188e+01
3.476000000000000227e+02,-7.487335437609326050e+01
3.478000000000000114e+02,-7.514214918948668753e+01
3.480000000000000000e+02,-7.505294074108691404e+01
3.482000000000000455e+02,-7.494807018624645423e+01
3.484000000000000341e+02,-7.532126551533274039e+01
3.486000000000000227e+02,-7.534130890221427990e+01
3.488000000000000114e+02,-7.462725733206394807e+01
3.490000000000000000e+02,-7.517415127187020119e+01
3.492000000000000455e+02,-7.518620311851893234e+01
3.494000000000000341e+02,-7.565996658723928192e+01
3.496000000000000227e+02,-7.559334867804901137e+01
3.498000000000000114e+02,-7.514858667885215482e+01
3.500000000000000000e+02,-7.500990735874650284e+01
3.502000000000000455e+02,-7.505078000160241913e+01
3.504000000000000341e+02,-7.532130632204575704e+01
3.506000000000000227e+02,-7.464092568972905894e+01
3.508000000000000114e+02,-7.482840399291418976e+01
3.510000000000000000e+02,-7.519284947372148054e+01
3.512000000000000455e+02,-7.484999039322271130e+01
3.514000000000000341e+02,-7.523959547005553361e+01
3.516000000000000227e+02,-7.524739336304585891e+01
3.518000000000000114e+02,-7.491751965042551831e+01
3.520000000000000000e+02,-7.521882987720459823e+01
3.522000000000000455e+02,-7.473103410113400003e+01
3.524000000000000341e+02,-7.524395876449646892e+01
3.526000000000000227e+02,-7.530356854827033430e+01
3.528000000000000114e+02,-7.528781031004383806e+01
3.530000000000000000e+02,-7.521875922095733813e+01
3.532000000000000455e+02,-7.543253836257383682e+01
3.534000000000000341e+02,-7.492221612560354060e+01
3.536000000000000227e+02,-7.491141225491551836e+01
3.538000000000000114e+02,-7.506593557343165912e+01
3.540000000000000000e+02,-7.502740525123063264e+01
3.542000000000000455e+02,-7.513022797936905306e+01
3.544000000000000341e+02,-7.551972763844770498e+01
3.546000000000000227e+02,-7.563354522663881596e+01
3.548000000000000114e+02,-7.501522582114100146e+01
3.550000000000000000e+02,-7.538734418964916983e+01
3.552000000000000455e+02,-7.564357775084469893e+01
3.554000000000000341e+02,-7.527878337397403641e+01
3.556000000000000227e+02,-7.496023743183090460e+01
3.558000000000000114e+02,-7.539767960216700260e+01
3.560000000000000000e+02,-7.506096286959963493e+01
3.562000000000000455e+02,-7.504768114083753971e+01
3.564000000000000341e+02,-7.515071501521620689e+01
3.566000000000000227e+02,-7.513649672207556307e+01
3.568000000000000114e+02,-7.551925699703875239e+01
3.570000000000000000e+02,-7.482121433442641489e+01
3.572000000000000455e+02,-7.489708410558326079e+01
3.574000000000000341e+02,-7.537395975513706503e+01
3.576000000000000227e+02,-7.540020410225541525e+01
3.578000000000000114e+02,-7.508895638834385977e+01
3.580000000000000000e+02,-7.503297208728847068e+01
3.582000000000000455e+02,-7.526739324127589725e+01
3.584000000000000341e+02,-7.501293745998913209e+01
3.586000000000000227e+02,-7.452840634773916406e+01
3.588000000000000114e+02,-7.547228255769798011e+01
3.590000000000000000e+02,-7.506066132673936409e+01
3.592000000000000455e+02,-7.515584914716207265e+01
3.594000000000000341e+02,-7.518565648402397983e+01
3.596000000000000227e+02,-7.578391970992322513e+01
3.598000000000000114e+02,-7.501536887065806525e+01
3.600000000000000000e+02,-7.504897931278495093e+01
3.602000000000000455e+02,-7.538109076858130209e+01
3.604000000000000341e+02,-7.542553920511103627e+01
3.606000000000000227e+02,-7.517114508194431721e+01
3.608000000000000114e+02,-7.511195766940070939e+01
3.610000000000000000e+02,-7.518967585948043109e+01
3.612000000000000455e+02,-7.459249330978495607e+01
3.614000000000000341e+02,-7.510539654102295515e+01
3.616000000000000227e+02,-7.511371828062770817e+01
3.618000000000000114e+02,-7.536556384793239260e+01
3.620000000000000000e+02,-7.522600348220542799e+01
3.622000000000000455e+02,-7.537255300032965977e+01
3.624000000000000341e+02,-7.475993430790947514e+01
3.626000000000000227e+02,-7.490044444306991522e+01
3.628000000000000114e+02,-7.530453817922656867e+01
3.630000000000000000e+02,-7.481443183580074674e+01
3.632000000000000455e+02,-7.490656410357156858e+01
3.634000000000000341e+02,-7.524545675824229818e+01
3.636000000000000227e+02,-7.487929692839018969e+01
3.638000000000000114e+02,-7.538177420479449609e+01
3.640000000000000000e+02,-7.487821011182055031e+01
3.642000000000000455e+02,-7.536571739766156952e+01
3.644000000000000341e+02,-7.507783879925543147e+01
3.646000000000000227e+02,-7.470098088453160301e+01
3.648000000000000114e+02,-7.494057677443846899e+01
3.650000000000000000e+02,-7.528299159913837002e+01
3.652000000000000455e+02,-7.525305735320651479e+01
3.654000000000000341e+02,-7.487060171332387881e+01
3.656000000000000227e+02,-7.503039692562519747e+01
3.658000000000000114e+02,-7.428730382833738588e+01
3.660000000000000000e+02,-7.520407120735265494e+01
3.662000000000000455e+02,-7.538317537955749970e+01
3.664000000000000341e+02,-7.481014070373696256e+01
3.666000000000000227e+02,-7.529077716958555300e+01
3.668000000000000114e+02,-7.512725996672726581e+01
3.670000000000000000e+02,-7.510139758503072471e+01
3.672000000000000455e+02,-7.534415277254404941e+01
3.674000000000000341e+02,-7.525765398414353058e+01
3.676000000000000227e+02,-7.513100117845357317e+01
3.678000000000000114e+02,-7.518818635925909177e+01
3.680000000000000000e+02,-7.538887247745672937e+01
3.682000000000000455e+02,-7.513847707619584071e+01
3.684000000000000341e+02,-7.511998794853728612e+01
3.686000000000000227e+02,-7.509655726418351662e+01
3.688000000000000114e+02,-7.473375611673800734e+01
3.690000000000000000e+02,-7.524834532033405310e+01
3.692000000000000455e+02,-7.511125432787352452e+01
3.694000000000000341e+02,-7.521755272437147255e+01
3.696000000000000227e+02,-7.522774789429692532e+01
3.698000000000000114e+02,-7.526185924428170892e+01
3.700000000000000000e+02,-7.496742079080189569e+01
3.702000000000000455e+02,-7.488285073074005993e+01
3.704000000000000341e+02,-7.511127875445279756e+01
3.706000000000000227e+02,-7.496576587108343404e+01
3.708000000000000114e+02,-7.485712975026734739e+01
3.710000000000000000e+02,-7.487106679915147822e+01
3.712000000000000455e+02,-7.522054667214371193e+01
3.714000000000000341e+02,-7.515323015593111222e+01
3.716000000000000227e+02,-7.556280643289098009e+01
3.718000000000000114e+02,-7.560814527632834370e+01
3.720000000000000000e+02,-7.546356118308800376e+01
3.722000000000000455e+02,-7.517113692652606005e+01
3.724000000000000341e+02,-7.548222584769688126e+01
3.726000000000000227e+02,-7.481467855442615189e+01
3.728000000000000114e+02,-7.491363461490652753e+01
3.730000000000000000e+02,-7.503690923467358687e+01
3.732000000000000455e+02,-7.527530488430659261e+01
3.734000000000000341e+02,-7.542540207643027372e+01
3.736000000000000227e+02,-7.508245932128737365e+01
3.738000000000000114e+02,-7.522060877654151057e+01
3.740000000000000000e+02,-7.507392010722951170e+01
3.742000000000000455e+02,-7.552473786769796504e+01
3.744000000000000341e+02,-7.513640883177691876e+01
3.746000000000000227e+02,-7.492717067036159051e+01
3.748000000000000114e+02,-7.517521533380643461e+01
3.750000000000000000e+02,-7.531093864524262926e+01
3.752000000000000455e+02,-7.503552435227231854e+01
3.754000000000000341e+02,-7.448687232944978120e+01
3.756000000000000227e+02,-7.497465947735983605e+01
3.758000000000000114e+02,-7.516860688577654059e+01
3.760000000000000000e+02,-7.526674541239843563e+01
3.762000000000000455e+02,-7.474571249985699239e+01
3.764000000000000341e+02,-7.446503516717743310e+01
3.766000000000000227e+02,-7.530961597161845589e+01
3.768000000000000114e+02,-7.552594725690045152e+01
3.770000000000000000e+02,-7.468513972500498710e+01
3.772000000000000455e+02,-7.530320955705911956e+01
3.774000000000000341e+02,-7.528807251858748373e+01
3.776000000000000227e+02,-7.507847868022432181e+01
3.778000000000000114e+02,-7.518394264589777265e+01
3.780000000000000000e+02,-7.515886962225611967e+01
3.782000000000000455e+02,-7.536158456697447150e+01
3.784000000000000341e+02,-7.566952223447783865e+01
3.786000000000000227e+02,-7.484538949519608764e+01
3.788000000000000114e+02,-7.496569073957547857e+01
3.790000000000000000e+02,-7.486809398111321912e+01
3.792000000000000455e+02,-7.503353121430598094e+01
3.794000000000000341e+02,-7.511538125341259331e+01
3.796000000000000227e+02,-7.499710775617181469e+01
3.798000000000000114e+02,-7.546133711053863635e+01
3.800000000000000000e+02,-7.489507568861488096e+01
3.802000000000000455e+02,-7.565321585817311245e+01
3.804000000000000341e+02,-7.558972387588755737e+01
3.806000000000000227e+02,-7.513157750869130780e+01
3.808000000000000114e+02,-7.555466347748756561e+01
3.810000000000000000e+02,-7.507784750818045438e+01
3.812000000000000455e+02,-7.480133914072399648e+01
3.814000000000000341e+02,-7.512712276986545135e+01
3.816000000000000227e+02,-7.510992023174297572e+01
3.818000000000000114e+02,-7.491298479578983915e+01
3.820000000000000000e+02,-7.537482310595416379e+01
3.822000000000000455e+02,-7.546714481083496651e+01
3.824000000000000341e+02,-7.534875676018126001e+01
3.826000000000000227e+02,-7.503119222687746515e+01
3.828000000000000114e+02,-7.501221451056269984e+01
3.830000000000000000e+02,-7.499628497260128768e+01
3.832000000000000455e+02,-7.528550021840551665e+01
3.834000000000000341e+02,-7.507089840675038772e+01
3.836000000000000227e+02,-7.545012713963167528e+01
3.838000000000000114e+02,-7.553971123962008960e+01
3.840000000000000000e+02,-7.497902662481880043e+01
3.842000000000000455e+02,-7.505130170998160111e+01
3.844000000000000341e+02,-7.523010649575518016e+01
3.846000000000000227e+02,-7.488232625594793035e+01
3.848000000000000114e+02,-7.524357947605810182e+01
3.850000000000000000e+02,-7.527027911759347489e+01
3.852000000000000455e+02,-7.528170081410506498e+01
3.854000000000000341e+02,-7.478234180451774193e+01
3.856000000000000227e+02,-7.540906296183007385e+01
3.858000000000000114e+02,-7.519053722690702557e+01
3.860000000000000000e+02,-7.516033658141905960e+01
3.862000000000000455e+02,-7.521738557534548875e+01
3.864000000000000341e+02,-7.497545570403366355e+01
3.866000000000000227e+02,-7.539576241820118696e+01
3.868000000000000114e+02,-7.514442288959695304e+01
3.870000000000000000e+02,-7.502723030994407338e+01
3.872000000000000455e+02,-7.507439557199862179e+01
3.874000000000000341e+02,-7.512655235614096227e+01
3.876000000000000227e+02,-7.501709745134417062e+01
3.878000000000000114e+02,-7.513081871924964616e+01
3.880000000000000000e+02,-7.535878915086765062e+01
3.882000000000000455e+02,-7.497998760493955217e+01
3.884000000000000341e+02,-7.491741859349571087e+01
3.886000000000000227e+02,-7.519687466919060626e+01
3.888000000000000114e+02,-7.505058478269749855e+01
3.890000000000000000e+02,-7.518688759508701480e+01
3.892000000000000455e+02,-7.525280636701083381e+01
3.894000000000000341e+02,-7.536349844436939804e+01
3.896000000000000227e+02,-7.503147757392765982e+01
3.898000000000000114e+02,-7.532680345000770217e+01
3.900000000000000000e+02,-7.487112456020220463e+01
3.902000000000000455e+02,-7.484817930157107924e+01
3.904000000000000341e+02,-7.528804279306191916e+01
3.906000000000000227e+02,-7.544937651310209503e+01
3.908000000000000114e+02,-7.509989208923261117e+01
3.910000000000000000e+02,-7.475419203774396237e+01
3.912000000000000455e+02,-7.495895850095804747e+01
3.914000000000000341e+02,-7.536163976416982280e+01
3.916000000000000227e+02,-7.549651511601632592e+01
3.918000000000000114e+02,-7.549962921987915365e+01
3.920000000000000000e+02,-7.519239898499311892e+01
3.922000000000000455e+02,-7.481474912704315727e+01
3.924000000000000341e+02,-7.499747853394242725e+01
3.926000000000000227e+02,-7.493054830265117516e+01
3.928000000000000114e+02,-7.522947994302940344e+01
3.930000000000000000e+02,-7.459412246932822654e+01
3.932000000000000455e+02,-7.511464820523499952e+01
3.934000000000000341e+02,-7.566381084117934108e+01
3.936000000000000227e+02,-7.540907361505858830e+01
3.938000000000000114e+02,-7.537761334289092474e+01
3.940000000000000000e+02,-7.494875365904755427e+01
3.942000000000000455e+02,-7.512037979170298740e+01
3.944000000000000341e+02,-7.572515588793501706e+01
3.946000000000000227e+02,-7.472416844085962850e+01
3.948000000000000114e+02,-7.534152473875954570e+01
3.950000000000000000e+02,-7.512045230293958298e+01
3.952000000000000455e+02,-7.511661815692887956e+01
3.954000000000000341e+02,-7.535302518014346163e+01
3.956000000000000227e+02,-7.532749901429035333e+01
3.958000000000000114e+02,-7.528248734744457238e+01
3.960000000000000000e+02,-7.528817154902012021e+01
3.962000000000000455e+02,-7.491361433551304572e+01
3.964000000000000341e+02,-7.513318659529741694e+01
3.966000000000000227e+02,-7.505753110373139236e+01
3.968000000000000114e+02,-7.500546964347128664e+01
3.970000000000000000e+02,-7.547866691479102030e+01
3.972000000000000455e+02,-7.495509811665594668e+01
3.974000000000000341e+02,-7.499540590164804144e+01
3.976000000000000227e+02,-7.455086012736042278e+01
3.978000000000000114e+02,-7.448503131199134941e+01
3.980000000000000000e+02,-7.477140665554038890e+01
3.982000000000000455e+02,-7.520362503335238102e+01
3.984000000000000341e+02,-7.552718101871060696e+01
3.986000000000000227e+02,-7.516772866580663504e+01
3.988000000000000114e+02,-7.527677081558913130e+01
3.990000000000000000e+02,-7.528379362448130507e+01
3.992000000000000455e+02,-7.493375235352570485e+01
3.994000000000000341e+02,-7.510105156142388694e+01
3.996000000000000227e+02,-7.517713400096353382e+01
3.998000000000000114e+02,-7.538575826696008164e+01
4.000000000000000000e+02,-7.522726921067410899e+01
4.002000000000000455e+02,-7.488583392933732341e+01
4.004000000000000341e+02,-7.514122639213452715e+01
4.006000000000000227e+02,-7.494120623967141626e+01
4.008000000000000114e+02,-7.510061371312411893e+01
4.010000000000000000e+02,-7.547404719488511660e+01
4.012000000000000455e+02,-7.525894215079381411e+01
4.014000000000000341e+02,-7.491738375623333468e+01
4.016000000000000227e+02,-7.545849745509032402e+01
4.018000000000000114e+02,-7.462921383125166130e+01
4.020000000000000000e+02,-7.568851077115920134e+01
4.022000000000000455e+02,-7.495241798881090745e+01
4.024000000000000341e+02,-7.540919442898241698e+01
4.026000000000000227e+02,-7.498520072070432718e+01
4.028000000000000114e+02,-7.532572140234806568e+01
4.030000000000000000e+02,-7.541297306708601411e+01
4.032000000000000455e+02,-7.526494533697636768e+01
4.034000000000000341e+02,-7.526552879840080834e+01
4.036000000000000227e+02,-7.496796288061845814e+01
4.038000000000000114e+02,-7.492926948873719084e+01
4.040000000000000000e+02,-7.537262988093472416e+01
4.042000000000000455e+02,-7.521992716341733853e+01
4.044000000000000341e+02,-7.567139666150823984e+01
4.046000000000000227e+02,-7.484539670557502689e+01
4.048000000000000114e+02,-7.533829753404823748e+01
4.050000000000000000e+02,-7.559334135429868695e+01
4.052000000000000455e+02,-7.525772226819624677e+01
4.054000000000000341e+02,-7.485686980081472086e+01
4.056000000000000227e+02,-7.497969933501941853e+01
4.058000000000000114e+02,-7.531626291047658128e+01
4.060000000000000000e+02,-7.452347534790838779e+01
4.062000000000000455e+02,-7.590555699662148470e+01
4.064000000000000341e+02,-7.534739250270519051e+01
4.066000000000000227e+02,-7.531548514157212537e+01
4.068000000000000114e+02,-7.527744616306476644e+01
4.070000000000000000e+02,-7.491102134600589579e+01
4.072000000000000455e+02,-7.491375903988404161e+01
4.074000000000000341e+02,-7.487221002699212136e+01
4.076000000000000227e+02,-7.475947002690784871e+01
4.078000000000000114e+02,-7.527663151973413846e+01
4.080000000000000000e+02,-7.520220839122477230e+01
4.082000000000000455e+02,-7.501696716587532876e+01
4.084000000000000341e+02,-7.547176960666249101e+01
4.086000000000000227e+02,-7.535609739214615388e+01
4.088000000000000114e+02,-7.538123715268616820e+01
4.090000000000000000e+02,-7.503421078632179331e+01
4.092000000000000455e+02,-7.534041020306379721e+01
4.094000000000000341e+02,-7.516504744307518138e+01
4.096000000000000227e+02,-7.527610130044989489e+01
4.098000000000000114e+02,-7.519268430020500205e+01
4.100000000000000000e+02,-7.534937987557516692e+01
4.102000000000000455e+02,-7.532152578180748037e+01
4.104000000000000341e+02,-7.527922130789706046e+01
4.106000000000000227e+02,-7.499696145517536650e+01
4.108000000000000114e+02,-7.533608894104121134e+01
4.110000000000000000e+02,-7.524773161368239016e+01
4.112000000000000455e+02,-7.488627283059483375e+01
4.114000000000000341e+02,-7.510480642154817588e+01
4.116000000000000227e+02,-7.544825482566996300e+01
4.118000000000000114e+02,-7.510198350898265574e+01
4.120000000000000000e+02,-7.508171145863404661e+01
4.122000000000000455e+02,-7.557085914184192177e+01
4.124000000000000341e+02,-7.488654171388502334e+01
4.126000000000000227e+02,-7.492388517366134693e+01
4.128000000000000114e+02,-7.496656148250134777e+01
4.130000000000000000e+02,-7.522055957889536160e+01
4.132000000000000455e+02,-7.523410892144465834e+01
4.134000000000000341e+02,-7.550140760157779596e+01
4.136000000000000227e+02,-7.508577213598549349e+01
4.138000000000000114e+02,-7.537716551018012012e+01
4.140000000000000000e+02,-7.512046159797601774e+01
4.142000000000000455e+02,-7.483830177781413795e+01
4.144000000000000341e+02,-7.553694334615563832e+01
4.146000000000000227e+02,-7.463676461048200395e+01
4.148000000000000114e+02,-7.475529472021868571e+01
4.150000000000000000e+02,-7.489969536504528946e+01
4.152000000000000455e+02,-7.514720887800156390e+01
4.154000000000000341e+02,-7.510457232680175821e+01
4.156000000000000227e+02,-7.530318207829765242e+01
4.158000000000000114e+02,-7.533809564656816349e+01
4.160000000000000000e+02,-7.522223843711152824e+01
4.162000000000000455e+02,-7.529811350591306507e+01
4.164000000000000341e+02,-7.503408870408389930e+01
4.166000000000000227e+02,-7.525292893560637708e+01
4.168000000000000114e+02,-7.514366480657443503e+01
4.170000000000000000e+02,-7.480431628367919927e+01
4.172000000000000455e+02,-7.557293991116037546e+01
4.174000000000000341e+02,-7.502854269846798729e+01
4.176000000000000227e+02,-7.504534219073116219e+01
4.178000000000000114e+02,-7.478371486011845093e+01
4.180000000000000000e+02,-7.528107754038785515e+01
4.182000000000000455e+02,-7.540195372009914365e+01
4.184000000000000341e+02,-7.552008359485526512e+01
4.186000000000000227e+02,-7.503866161744110741e+01
4.188000000000000114e+02,-7.511084275086471962e+01
4.190000000000000000e+02,-7.491076703607282639e+01
4.192000000000000455e+02,-7.530524768240023548e+01
4.194000000000000341e+02,-7.484628921712449312e+01
4.196000000000000227e+02,-7.487811606660251584e+01
4.198000000000000114e+02,-7.565130014124186175e+01
4.200000000000000000e+02,-7.500256599513645028e+01
4.202000000000000455e+02,-7.511905367156271041e+01
4.204000000000000341e+02,-7.517320089298249286e+01
4.206000000000000227e+02,-7.517250183679171016e+01
4.208000000000000114e+02,-7.535808282245893963e+01
4.210000000000000000e+02,-7.476826987253870982e+01
4.212000000000000455e+02,-7.559665054633074988e+01
4.214000000000000341e+02,-7.529464865618277258e+01
4.216000000000000227e+02,-7.531484374384581315e+01
4.218000000000000114e+02,-7.543949032780103892e+01
4.220000000000000000e+02,-7.523520878272697132e+01
4.222000000000000455e+02,-7.526113995145497881e+01
4.224000000000000341e+02,-7.489216693683810888e+01
4.226000000000000227e+02,-7.477911149842533689e+01
4.228000000000000114e+02,-7.504600399401873290e+01
4.230000000000000000e+02,-7.520704081078150693e+01
4.232000000000000455e+02,-7.510374687211677269e+01
4.234000000000000341e+02,-7.547508841626164156e+01
4.236000000000000227e+02,-7.529124461275017666e+01
4.238000000000000114e+02,-7.556784680282390809e+01
4.240000000000000000e+02,-7.500012966064080899e+01
4.242000000000000455e+02,-7.506453822193176961e+01
4.244000000000000341e+02,-7.503369721971706952e+01
4.246000000000000227e+02,-7.468453644943136283e+01
4.248000000000000114e+02,-7.515496437011894670e+01
4.250000000000000000e+02,-7.526327590956661595e+01
4.252000000000000455e+02,-7.538620030170109487e+01
4.254000000000000341e+02,-7.489323964159710556e+01
4.256000000000000227e+02,-7.507704605539748854e+01
4.258000000000000114e+02,-7.527081792566784202e+01
4.260000000000000000e+02,-7.511744204547055404e+01
4.262000000000000455e+02,-7.564163797224880170e+01
4.264000000000000341e+02,-7.601189355884859822e+01
4.266000000000000227e+02,-7.504282061973925977e+01
4.268000000000000114e+02,-7.498504727473337539e+01
4.270000000000000000e+02,-7.511582721927868533e+01
4.272000000000000455e+02,-7.499843343972646892e+01
4.274000000000000341e+02,-7.501450699181108916e+01
4.276000000000000227e+02,-7.527854313491035043e+01
4.278000000000000114e+02,-7.527481354865106766e+01
4.280000000000000000e+02,-7.510089762580086870e+01
4.282000000000000455e+02,-7.500298228186791505e+01
4.284000000000000341e+02,-7.522772382053175022e+01
4.286000000000000227e+02,-7.546360596095253470e+01
4.288000000000000114e+02,-7.522707367528929012e+01
4.290000000000000000e+02,-7.510272568370547219e+01
4.292000000000000455e+02,-7.514952923958058761e+01
4.294000000000000341e+02,-7.531234549262678968e+01
4.296000000000000227e+02,-7.497777479349102236e+01
4.298000000000000114e+02,-7.538170534650072341e+01
4.300000000000000000e+02,-7.548842827699789382e+01
4.302000000000000455e+02,-7.556391586811933792e+01
4.304000000000000341e+02,-7.493381703316248377e+01
4.306000000000000227e+02,-7.515831541193036003e+01
4.308000000000000114e+02,-7.514379628798921829e+01
4.310000000000000000e+02,-7.526545700913916903e+01
4.312000000000000455e+02,-7.515492501139675596e+01
4.314000000000000341e+02,-7.473048192570448123e+01
4.316000000000000227e+02,-7.555337438217526369e+01
4.318000000000000114e+02,-7.566623978174638410e+01
4.320000000000000000e+02,-7.502168467231817317e+01
4.322000000000000455e+02,-7.508990383976109229e+01
4.324000000000000341e+02,-7.536764071107933205e+01
4.326000000000000227e+02,-7.507554364539785752e+01
4.328000000000000114e+02,-7.540225423974871433e+01
4.330000000000000000e+02,-7.505083508346082510e+01
4.332000000000000455e+02,-7.468296950506136511e+01
4.334000000000000341e+02,-7.483762929657875418e+01
4.336000000000000227e+02,-7.526514534344869389e+01
4.338000000000000114e+02,-7.507376342376261391e+01
4.340000000000000000e+02,-7.511585239521606638e+01
4.342000000000000455e+02,-7.553453106935309336e+01
4.344000000000000341e+02,-7.553427308257302286e+01
4.346000000000000227e+02,-7.481457173475307343e+01
4.348000000000000114e+02,-7.513963741410148600e+01
4.350000000000000000e+02,-7.473952307049619037e+01
4.352000000000000455e+02,-7.469967210753524967e+01
4.354000000000000341e+02,-7.567800602154349576e+01
4.356000000000000227e+02,-7.518383119641084988e+01
4.358000000000000114e+02,-7.481931583748530556e+01
4.360000000000000000e+02,-7.484583217247312348e+01
4.362000000000000455e+02,-7.485828502230249626e+01
4.364000000000000341e+02,-7.542724671392154789e+01
4.366000000000000227e+02,-7.545589660942194143e+01
4.368000000000000114e+02,-7.518522322275822489e+01
4.370000000000000000e+02,-7.515493099526482013e+01
4.372000000000000455e+02,-7.526318330456003025e+01
4.374000000000000341e+02,-7.507962705565006445e+01
4.376000000000000227e+02,-7.543628487205364763e+01
4.378000000000000114e+02,-7.496726781708623832e+01
4.380000000000000000e+02,-7.496054162441336643e+01
4.382000000000000455e+02,-7.517938112579287235e+01
4.384000000000000341e+02,-7.562027320139266351e+01
4.386000000000000227e+02,-7.463933370651001553e+01
4.388000000000000114e+02,-7.533531407455082274e+01
4.390000000000000000e+02,-7.539561275572053489e+01
4.392000000000000455e+02,-7.523807645146189316e+01
4.394000000000000341e+02,-7.481592898227704325e+01
4.396000000000000227e+02,-7.499793124701133706e+01
4.398000000000000114e+02,-7.553873247501560684e+01
4.400000000000000000e+02,-7.519656311577067243e+01
4.402000000000000455e+02,-7.472317355735054889e+01
4.404000000000000341e+02,-7.524388710349762732e+01
4.406000000000000227e+02,-7.498828309157111960e+01
4.408000000000000114e+02,-7.512341801066149571e+01
4.410000000000000000e+02,-7.490296360123947750e+01
4.412000000000000455e+02,-7.525104027406524665e+01
4.414000000000000341e+02,-7.458062978820200328e+01
4.416000000000000227e+02,-7.525862819943102977e+01
4.418000000000000114e+02,-7.525959118451595486e+01
4.420000000000000000e+02,-7.523421868198317952e+01
4.422000000000000455e+02,-7.533390166291383139e+01
4.424000000000000341e+02,-7.452310671418287313e+01
4.426000000000000227e+02,-7.551942707709132208e+01
4.428000000000000114e+02,-7.452997602002787403e+01
4.430000000000000000e+02,-7.519028582026747642e+01
4.432000000000000455e+02,-7.493432366706714731e+01
4.434000000000000341e+02,-7.484709179025553283e+01
4.436000000000000227e+02,-7.528319322802653346e+01
4.438000000000000114e+02,-7.507928757207454851e+01
4.440000000000000000e+02,-7.510860193911267402e+01
4.442000000000000455e+02,-7.511867374288212318e+01
4.444000000000000341e+02,-7.549537911568822324e+01
4.446000000000000227e+02,-7.516599844101266115e+01
4.448000000000000114e+02,-7.503399489852897375e+01
4.450000000000000000e+02,-7.474686919785683870e+01
4.452000000000000455e+02,-7.478756273368395568e+01
4.454000000000000341e+02,-7.508827934299681317e+01
4.456000000000000227e+02,-7.506049774149708753e+01
4.458000000000000114e+02,-7.524802915530698044e+01
4.460000000000000000e+02,-7.505754024627989907e+01
4.462000000000000455e+02,-7.559674434432447754e+01
4.464000000000000341e+02,-7.504972028517430260e+01
4.466000000000000227e+02,-7.482444538262730305e+01
4.468000000000000114e+02,-7.556926789906010811e+01
4.470000000000000000e+02,-7.510788119723825673e+01
4.472000000000000455e+02,-7.520431027171169092e+01
4.474000000000000341e+02,-7.512175693120346409e+01
4.476000000000000227e+02,-7.524686934210866696e+01
4.478000000000000114e+02,-7.462061268803363134e+01
4.480000000000000000e+02,-7.497050624530369589e+01
4.482000000000000455e+02,-7.504535895766001374e+01
4.484000000000000341e+02,-7.568299866467700099e+01
4.486000000000000227e+02,-7.472542934184833996e+01
4.488000000000000114e+02,-7.493948624725685193e+01
4.490000000000000000e+02,-7.523190346100714976e+01
4.492000000000000455e+02,-7.508860145798905705e+01
4.494000000000000341e+02,-7.542862107186527965e+01
4.496000000000000227e+02,-7.517092934431391882e+01
4.498000000000000114e+02,-7.546847603060474796e+01
4.500000000000000000e+02,-7.464719563322810814e+01
4.502000000000000455e+02,-7.504206617391943723e+01
4.504000000000000341e+02,-7.530937137403357440e+01
4.506000000000000227e+02,-7.503268624832145406e+01
4.508000000000000114e+02,-7.532678919513189442e+01
4.510000000000000000e+02,-7.529123437906307004e+01
4.512000000000000455e+02,-7.528888890014340518e+01
4.514000000000000341e+02,-7.515232900008190597e+01
4.516000000000000227e+02,-7.527504399004656932e+01
4.518000000000000114e+02,-7.561381226351416274e+01
4.520000000000000000e+02,-7.521889005550765717e+01
4.522000000000000455e+02,-7.510084224344892334e+01
4.524000000000000341e+02,-7.483637754344168513e+01
4.526000000000000227e+02,-7.490083676116108791e+01
4.528000000000000114e+02,-7.511788939141453625e+01
4.530000000000000000e+02,-7.524661242101556979e+01
4.532000000000000455e+02,-7.520086895023193563e+01
4.534000000000000341e+02,-7.545084456872844214e+01
4.536000000000000227e+02,-7.496676107273709988e+01
4.538000000000000114e+02,-7.520763872916256787e+01
4.540000000000000000e+02,-7.521716736545417348e+01
4.542000000000000455e+02,-7.555795744513351053e+01
4.544000000000000341e+02,-7.557011744651983065e+01
4.546000000000000227e+02,-7.521161640728469422e+01
4.548000000000000114e+02,-7.543353896208571996e+01
4.550000000000000000e+02,-7.495566002069513445e+01
4.552000000000000455e+02,-7.478942312782797330e+01
4.554000000000000341e+02,-7.504929405541651022e+01
4.556000000000000227e+02,-7.487011470768896970e+01
4.558000000000000114e+02,-7.543194739482677846e+01
4.560000000000000000e+02,-7.493145381270643668e+01
4.562000000000000455e+02,-7.522506837185147788e+01
4.564000000000000341e+02,-7.508182925167960775e+01
4.566000000000000227e+02,-7.484556339495809141e+01
4.568000000000000114e+02,-7.513934224164951559e+01
4.570000000000000000e+02,-7.525965837928150393e+01
4.572000000000000455e+02,-7.530291208155928473e+01
4.574000000000000341e+02,-7.512044041995444843e+01
4.576000000000000227e+02,-7.534415354875365267e+01
4.578000000000000114e+02,-7.499190102592284290e+01
4.580000000000000000e+02,-7.477797148483938372e+01
4.582000000000000455e+02,-7.524637332091029407e+01
4.584000000000000341e+02,-7.478262732192371232e+01
4.586000000000000227e+02,-7.519196422352698050e+01
4.588000000000000114e+02,-7.487206376197221402e+01
4.590000000000000000e+02,-7.516049401339699898e+01
4.592000000000000455e+02,-7.500674743492805874e+01
4.594000000000000341e+02,-7.522286026558316507e+01
4.596000000000000227e+02,-7.566734063147457334e+01
4.598000000000000114e+02,-7.500487018616254886e+01
4.600000000000000000e+02,-7.523924853684845004e+01
4.602000000000000455e+02,-7.476827777153809507e+01
4.604000000000000341e+02,-7.528948162221126950e+01
4.606000000000000227e+02,-7.513264783973596650e+01
4.608000000000000114e+02,-7.487164493833388690e+01
4.610000000000000000e+02,-7.483110634971059483e+01
4.612000000000000455e+02,-7.516105180157151722e+01
4.614000000000000341e+02,-7.509286946219444303e+01
4.616000000000000227e+02,-7.510939680762693627e+01
4.618000000000000114e+02,-7.556219552040586507e+01
4.620000000000000000e+02,-7.491939119573787309e+01
4.622000000000000455e+02,-7.501870085640757679e+01
4.624000000000000341e+02,-7.528916842749421789e+01
4.626000000000000227e+02,-7.484245024709751704e+01
4.628000000000000114e+02,-7.477978998563146718e+01
4.630000000000000000e+02,-7.530113919745495821e+01
4.632000000000000455e+02,-7.496564843902567077e+01
4.634000000000000341e+02,-7.575842520558597926e+01
4.636000000000000227e+02,-7.492860563329531942e+01
4.638000000000000114e+02,-7.558888236045501685e+01
4.640000000000000000e+02,-7.507946884424005418e+01
4.642000000000000455e+02,-7.473120783075663098e+01
4.644000000000000341e+02,-7.533963552277381837e+01
4.646000000000000227e+02,-7.582745407703487217e+01
4.648000000000000114e+02,-7.476756931459644306e+01
4.650000000000000000e+02,-7.518328541884528704e+01
4.652000000000000455e+02,-7.532842576425231584e+01
4.654000000000000341e+02,-7.524497540623893599e+01
4.656000000000000227e+02,-7.511275489595254840e+01
4.658000000000000114e+02,-7.548065196071686955e+01
4.660000000000000000e+02,-7.555128308539873672e+01
4.662000000000000455e+02,-7.518896633187758027e+01
4.664000000000000341e+02,-7.522995940693955674e+01
4.666000000000000227e+02,-7.534061263222463367e+01
4.668000000000000114e+02,-7.531384291021579713e+01
4.670000000000000000e+02,-7.485160599068305487e+01
4.672000000000000455e+02,-7.523265066544118440e+01
4.674000000000000341e+02,-7.497091688893134176e+01
4.676000000000000227e+02,-7.540189549062419871e+01
4.678000000000000114e+02,-7.519314853940976207e+01
4.680000000000000000e+02,-7.517479232837267489e+01
4.682000000000000455e+02,-7.531578143585221596e+01
4.684000000000000341e+02,-7.490637213925691640e+01
4.686000000000000227e+02,-7.472554233226951226e+01
4.688000000000000114e+02,-7.515346448628991993e+01
4.690000000000000000e+02,-7.486786733604103006e+01
4.692000000000000455e+02,-7.515277223127831974e+01
4.694000000000000341e+02,-7.550320471872700523e+01
4.696000000000000227e+02,-7.550451252634820776e+01
4.698000000000000114e+02,-7.489210866668771871e+01
4.700000000000000000e+02,-7.479911497425707978e+01
4.702000000000000455e+02,-7.531860807272569502e+01
4.704000000000000341e+02,-7.511518119884247824e+01
4.706000000000000227e+02,-7.551513698898168059e+01
4.708000000000000114e+02,-7.545915761405963451e+01
4.710000000000000000e+02,-7.527004889403141874e+01
4.712000000000000455e+02,-7.559162316147610738e+01
4.714000000000000341e+02,-7.557070026522696082e+01
4.716000000000000227e+02,-7.536444415773938488e+01
4.718000000000000114e+02,-7.503116902613591321e+01
4.720000000000000000e+02,-7.508787831437157934e+01
4.722000000000000455e+02,-7.560443603906868759e+01
4.724000000000000341e+02,-7.524296561292472063e+01
4.726000000000000227e+02,-7.477309087170942803e+01
4.728000000000000114e+02,-7.547158267794591779e+01
4.730000000000000000e+02,-7.512989651596345198e+01
4.732000000000000455e+02,-7.509061237773859432e+01
4.734000000000000341e+02,-7.476770999403032647e+01
4.736000000000000227e+02,-7.520623447675512807e+01
4.738000000000000114e+02,-7.501952344667977002e+01
4.740000000000000000e+02,-7.492271512922938825e+01
4.742000000000000455e+02,-7.546948239864182995e+01
4.744000000000000341e+02,-7.532647293819368883e+01
4.746000000000000227e+02,-7.520648892324412316e+01
4.748000000000000114e+02,-7.537927025029027561e+01
4.750000000000000000e+02,-7.503604892306059071e+01
4.752000000000000455e+02,-7.522890065583079888e+01
4.754000000000000341e+02,-7.518226670896905262e+01
4.756000000000000227e+02,-7.512163582218981617e+01
4.758000000000000114e+02,-7.495160571780512271e+01
4.760000000000000000e+02,-7.520181105162514257e+01
4.762000000000000455e+02,-7.468090984822106293e+01
4.764000000000000341e+02,-7.482781390588799297e+01
4.766000000000000227e+02,-7.504416409671500787e+01
4.768000000000000114e+02,-7.511836135985493001e+01
4.770000000000000000e+02,-7.534176466057252242e+01
4.772000000000000455e+02,-7.528834047726523693e+01
4.774000000000000341e+02,-7.505305178711694225e+01
4.776000000000000227e+02,-7.535373736474295470e+01
4.778000000000000114e+02,-7.568019821553599513e+01
4.780000000000000000e+02,-7.550452712800789357e+01
4.782000000000000455e+02,-7.487165032428195843e+01
4.784000000000000341e+02,-7.538484493004037290e+01
4.786000000000000227e+02,-7.495348889459320674e+01
4.788000000000000114e+02,-7.454693438291785412e+01
4.790000000000000000e+02,-7.492834644494270435e+01
4.792000000000000455e+02,-7.517394190981033830e+01
4.794000000000000341e+02,-7.563193380473020966e+01
4.796000000000000227e+02,-7.518914936204882338e+01
4.798000000000000114e+02,-7.535709771765968412e+01
4.800000000000000000e+02,-7.520057072159640654e+01
4.802000000000000455e+02,-7.489247910154132626e+01
4.804000000000000341e+02,-7.490655188930583108e+01
4.806000000000000227e+02,-7.520574525953139755e+01
4.808000000000000114e+02,-7.517664345373336232e+01
4.810000000000000000e+02,-7.529922593965801525e+01
4.812000000000000455e+02,-7.486550636320792762e+01
4.814000000000000341e+02,-7.542585495757614922e+01
4.816000000000000227e+02,-7.492747906607685593e+01
4.818000000000000114e+02,-7.515793621188633722e+01
4.820000000000000000e+02,-7.507016470450992074e+01
4.822000000000000455e+02,-7.536838152450057748e+01
4.824000000000000341e+02,-7.487312654063730122e+01
4.826000000000000227e+02,-7.533185289422648623e+01
4.828000000000000114e+02,-7.489000374380971436e+01
4.830000000000000000e+02,-7.501957065013327508e+01
4.832000000000000455e+02,-7.487791914230926693e+01
4.834000000000000341e+02,-7.517347464170163107e+01
4.836000000000000227e+02,-7.527186257487181820e+01
4.838000000000000114e+02,-7.504365556528118475e+01
4.840000000000000000e+02,-7.431503651945340039e+01
4.842000000000000455e+02,-7.492136875279624064e+01
4.844000000000000341e+02,-7.515502944939898100e+01
4.846000000000000227e+02,-7.520796319936258101e+01
4.848000000000000114e+02,-7.474369216328327070e+01
4.850000000000000000e+02,-7.531112795356781930e+01
4.852000000000000455e+02,-7.488297918167373268e+01
4.854000000000000341e+02,-7.477303816907246414e+01
4.856000000000000227e+02,-7.542054752453719857e+01
4.858000000000000114e+02,-7.499678514753625791e+01
4.860000000000000000e+02,-7.509136202375144364e+01
4.862000000000000455e+02,-7.568510418814129537e+01
4.864000000000000341e+02,-7.540101944416858260e+01
4.866000000000000227e+02,-7.504820813091288301e+01
4.868000000000000114e+02,-7.497453443533223094e+01
4.870000000000000000e+02,-7.516876056112224092e+01
4.872000000000000455e+02,-7.512398638875937706e+01
4.874000000000000341e+02,-7.482812531331967421e+01
4.876000000000000227e+02,-7.503098040101723143e+01
4.878000000000000114e+02,-7.514850497231863358e+01
4.880000000000000000e+02,-7.449141017919458818e+01
4.882000000000000455e+02,-7.467611716284105228e+01
4.884000000000000341e+02,-7.509792258640241869e+01
4.886000000000000227e+02,-7.562172238908001987e+01
4.888000000000000114e+02,-7.523527838030473447e+01
4.890000000000000000e+02,-7.533085744498453096e+01
4.892000000000000455e+02,-7.498149341182075034e+01
4.894000000000000341e+02,-7.508926521369455998e+01
4.896000000000000227e+02,-7.501903536428000052e+01
4.898000000000000114e+02,-7.487980346795623632e+01
4.900000000000000000e+02,-7.518408871579019603e+01
4.902000000000000455e+02,-7.494348862611269624e+01
4.904000000000000341e+02,-7.508666128353125657e+01
4.906000000000000227e+02,-7.509768587875313983e+01
4.908000000000000114e+02,-7.474621350120476393e+01
4.910000000000000000e+02,-7.584188984849757276e+01
4.912000000000000455e+02,-7.477835487076880838e+01
4.914000000000000341e+02,-7.489558812781669417e+01
4.916000000000000227e+02,-7.539894650213879856e+01
4.918000000000000114e+02,-7.528733705778800811e+01
4.920000000000000000e+02,-7.499594942047828283e+01
4.922000000000000455e+02,-7.510475458118958159e+01
4.924000000000000341e+02,-7.477365546825018328e+01
4.926000000000000227e+02,-7.509665659499430035e+01
4.928000000000000114e+02,-7.550632983380690177e+01
4.930000000000000000e+02,-7.512694673450194216e+01
4.932000000000000455e+02,-7.533132597508556216e+01
4.934000000000000341e+02,-7.518711902412051984e+01
4.936000000000000227e+02,-7.529688131698939912e+01
4.938000000000000114e+02,-7.488393728509008440e+01
4.940000000000000000e+02,-7.575654517268181110e+01
4.942000000000000455e+02,-7.469467851263441105e+01
4.944000000000000341e+02,-7.540764349401359823e+01
4.946000000000000227e+02,-7.505802999643330509e+01
4.948000000000000114e+02,-7.541890175450629386e+01
4.950000000000000000e+02,-7.466628603773574469e+01
4.952000000000000455e+02,-7.496133514746709636e+01
4.954000000000000341e+02,-7.567451994357394085e+01
4.956000000000000227e+02,-7.503180156493260711e+01
4.958000000000000114e+02,-7.514268698373855671e+01
4.960000000000000000e+02,-7.513923732651078069e+01
4.962000000000000455e+02,-7.481224665645549976e+01
4.964000000000000341e+02,-7.524379432573927318e+01
4.966000000000000227e+02,-7.477674036213153386e+01
4.968000000000000114e+02,-7.513762932763829383e+01
4.970000000000000000e+02,-7.536979949911678034e+01
4.972000000000000455e+02,-7.505893508754923005e+01
4.974000000000000341e+02,-7.580064664207277758e+01
4.976000000000000227e+02,-7.462236128170856375e+01
4.978000000000000114e+02,-7.468034282433856674e+01
4.980000000000000000e+02,-7.453722618873455019e+01
4.982000000000000455e+02,-7.526718914323515719e+01
4.984000000000000341e+02,-7.463397363697622211e+01
4.986000000000000227e+02,-7.509851269191425160e+01
4.988000000000000114e+02,-7.496948542177227637e+01
4.990000000000000000e+02,-7.575292726079194949e+01
4.992000000000000455e+02,-7.537456420716600292e+01
4.994000000000000341e+02,-7.523602577205066666e+01
4.996000000000000227e+02,-7.560573405601505215e+01
4.998000000000000114e+02,-7.489687745599374580e+01
5.000000000000000000e+02,-7.508805243976014765e+01
