0.000000000000000000e+00,-7.484586138345206052e+01
2.000000000000000111e-01,-7.562148072750593997e+01
4.000000000000000222e-01,-7.540459774926154068e+01
6.000000000000000888e-01,-7.513955305323129608e+01
8.000000000000000444e-01,-7.547062809101780090e+01
1.000000000000000000e+00,-7.546772761009458463e+01
1.200000000000000178e+00,-7.559998536600599550e+01
1.400000000000000133e+00,-7.570113259529279048e+01
1.600000000000000089e+00,-7.545778603896377490e+01
1.800000000000000044e+00,-7.581836885573130758e+01
2.000000000000000000e+00,-7.563562624291132863e+01
2.200000000000000178e+00,-7.569304633306232688e+01
2.400000000000000355e+00,-7.534570803615665113e+01
2.600000000000000089e+00,-7.517226545090440482e+01
2.800000000000000266e+00,-7.536830288244703979e+01
3.000000000000000000e+00,-7.573963903889804783e+01
3.200000000000000178e+00,-7.558697493672754320e+01
3.400000000000000355e+00,-7.566853895008458153e+01
3.600000000000000089e+00,-7.566461199944561145e+01
3.800000000000000266e+00,-7.562129480040186991e+01
4.000000000000000000e+00,-7.542974468776294827e+01
4.200000000000000178e+00,-7.562308633916406109e+01
4.400000000000000355e+00,-7.572056313992256094e+01
4.600000000000000533e+00,-7.594573679180818715e+01
4.800000000000000711e+00,-7.615964256791070852e+01
5.000000000000000000e+00,-7.532081238801880829e+01
5.200000000000000178e+00,-7.591252804666348197e+01
5.400000000000000355e+00,-7.595172557161289717e+01
5.600000000000000533e+00,-7.591628287808723030e+01
5.800000000000000711e+00,-7.566621393458564171e+01
6.000000000000000000e+00,-7.566560308951935099e+01
6.200000000000000178e+00,-7.550335095771963267e+01
6.400000000000000355e+00,-7.581952392820875275e+01
6.600000000000000533e+00,-7.554857203324053216e+01
6.800000000000000711e+00,-7.551951310525423366e+01
7.000000000000000000e+00,-7.599102724655520547e+01
7.200000000000000178e+00,-7.539055540567730418e+01
7.400000000000000355e+00,-7.514168326005248844e+01
7.600000000000000533e+00,-7.557724554460421018e+01
7.800000000000000711e+00,-7.548537963386576166e+01
8.000000000000000000e+00,-7.543720552424490222e+01
8.200000000000001066e+00,-7.535815484565848976e+01
8.400000000000000355e+00,-7.532651702493809864e+01
8.599999999999999645e+00,-7.568506131006144244e+01
8.800000000000000711e+00,-7.503040909481001108e+01
9.000000000000000000e+00,-7.562060502699608833e+01
9.200000000000001066e+00,-7.601616639189491309e+01
9.400000000000000355e+00,-7.530607299225773943e+01
9.600000000000001421e+00,-7.496344745749459548e+01
9.800000000000000711e+00,-7.513040245331211509e+01
1.000000000000000000e+01,-7.537711123756095333e+01
1.020000000000000107e+01,-7.538108259250972765e+01
1.040000000000000036e+01,-7.493961387597732937e+01
1.060000000000000142e+01,-7.461494138971836776e+01
1.080000000000000071e+01,-7.482735848881755203e+01
1.100000000000000000e+01,-7.562033951933770481e+01
1.120000000000000107e+01,-7.535269639785305174e+01
1.140000000000000036e+01,-7.530990689358928591e+01
1.160000000000000142e+01,-7.540325702457957391e+01
1.180000000000000071e+01,-7.495926158300297004e+01
1.200000000000000000e+01,-7.491759402013370561e+01
1.220000000000000107e+01,-7.507665002033068902e+01
1.240000000000000036e+01,-7.554387743224695839e+01
1.260000000000000142e+01,-7.526081959370284835e+01
1.280000000000000071e+01,-7.489052581222739491e+01
1.300000000000000000e+01,-7.503388652179485518e+01
1.320000000000000107e+01,-7.508102175605016271e+01
1.340000000000000036e+01,-7.489863676247392732e+01
1.360000000000000142e+01,-7.505085213146152512e+01
1.380000000000000071e+01,-7.472776633121851830e+01
1.400000000000000000e+01,-7.467816101601756884e+01
1.420000000000000107e+01,-7.519894998391357888e+01
1.440000000000000036e+01,-7.503858773695861828e+01
1.460000000000000142e+01,-7.526188626537305026e+01
1.480000000000000071e+01,-7.495398782900039691e+01
1.500000000000000000e+01,-7.532129013715021415e+01
1.520000000000000107e+01,-7.497688193021923553e+01
1.540000000000000036e+01,-7.522502012099278090e+01
1.560000000000000142e+01,-7.572283554832411312e+01
1.580000000000000071e+01,-7.494226127087152634e+01
1.600000000000000000e+01,-7.493711723534045177e+01
1.619999999999999929e+01,-7.497823258090056697e+01
1.640000000000000213e+01,-7.509246632120553500e+01
1.660000000000000142e+01,-7.520261492068837583e+01
1.680000000000000071e+01,-7.517000323406675477e+01
1.700000000000000000e+01,-7.501592463898019503e+01
1.719999999999999929e+01,-7.512703916355437173e+01
1.740000000000000213e+01,-7.495587048294407850e+01
1.760000000000000142e+01,-7.540834771729602437e+01
1.780000000000000071e+01,-7.507798592787928271e+01
1.800000000000000000e+01,-7.553091236096790340e+01
1.819999999999999929e+01,-7.518644522310871992e+01
1.840000000000000213e+01,-7.494772387188747587e+01
1.860000000000000142e+01,-7.523317238531103612e+01
1.880000000000000071e+01,-7.521034716789115748e+01
1.900000000000000000e+01,-7.541702654632470626e+01
1.920000000000000284e+01,-7.515281160964445917e+01
1.940000000000000213e+01,-7.535518491500671701e+01
1.960000000000000142e+01,-7.541128451032554381e+01
1.980000000000000071e+01,-7.505630981671345126e+01
2.000000000000000000e+01,-7.526329749879678843e+01
2.020000000000000284e+01,-7.048494574180868710e+01
2.040000000000000213e+01,-6.623350332356170611e+01
2.060000000000000142e+01,-6.070577425409742744e+01
2.080000000000000071e+01,-5.373186522112565200e+01
2.100000000000000000e+01,-3.672841432180093335e+01
2.120000000000000284e+01,1.378412811514877490e+01
2.140000000000000213e+01,3.384754063461178220e+01
2.160000000000000142e+01,3.089052409859928972e+01
2.180000000000000071e+01,2.665688978920456265e+01
2.200000000000000000e+01,2.114514383025791489e+01
2.220000000000000284e+01,1.426267197805300313e+01
2.240000000000000213e+01,7.277597683274680485e+00
2.260000000000000142e+01,8.561791026699938634e-01
2.280000000000000071e+01,-6.767612169808067790e+00
2.300000000000000000e+01,-1.342489355786227989e+01
2.320000000000000284e+01,-2.031021085455186181e+01
2.340000000000000213e+01,-2.738475327953260319e+01
2.360000000000000142e+01,-3.372417337168375440e+01
2.380000000000000071e+01,-3.972536075298609859e+01
2.400000000000000000e+01,-4.640586045292931061e+01
2.420000000000000284e+01,-5.303918068017934218e+01
2.440000000000000213e+01,-6.077526930178250097e+01
2.460000000000000142e+01,-6.968331997247710774e+01
2.480000000000000071e+01,-7.682557047685615714e+01
2.500000000000000000e+01,-8.170912411322055391e+01
2.520000000000000284e+01,-8.352223956662703586e+01
2.540000000000000213e+01,-8.482575619468771322e+01
2.560000000000000142e+01,-8.499107805723018316e+01
2.580000000000000071e+01,-8.501451533281992567e+01
2.600000000000000000e+01,-8.534249278872627542e+01
2.620000000000000284e+01,-8.552514461867139062e+01
2.640000000000000213e+01,-8.508768331559564047e+01
2.660000000000000142e+01,-8.486653690987085952e+01
2.680000000000000071e+01,-8.486611867409365573e+01
2.700000000000000000e+01,-8.447095135756653406e+01
2.720000000000000284e+01,-8.418271216764262022e+01
2.740000000000000213e+01,-8.418602983177258636e+01
2.760000000000000142e+01,-8.399953035358251441e+01
2.780000000000000071e+01,-8.441384301566752413e+01
2.800000000000000000e+01,-8.419486762779104083e+01
2.820000000000000284e+01,-8.377128725413112420e+01
2.840000000000000213e+01,-8.332472748050493294e+01
2.860000000000000142e+01,-8.336197167387760487e+01
2.880000000000000071e+01,-8.373123772410191634e+01
2.900000000000000000e+01,-8.323655817970758619e+01
2.920000000000000284e+01,-8.341617052707290725e+01
2.940000000000000213e+01,-8.280857032865540646e+01
2.960000000000000142e+01,-8.256422207129098467e+01
2.980000000000000071e+01,-8.265691467160381478e+01
3.000000000000000000e+01,-8.234946326680216089e+01
3.020000000000000284e+01,-8.192675406560572071e+01
3.040000000000000213e+01,-8.224007300295048140e+01
3.060000000000000142e+01,-8.156994356218712028e+01
3.080000000000000071e+01,-8.198452017367142730e+01
3.100000000000000000e+01,-8.150213331688354401e+01
3.120000000000000284e+01,-8.079002851121613560e+01
3.140000000000000213e+01,-8.127856224286703934e+01
3.160000000000000142e+01,-8.110334757965433994e+01
3.180000000000000071e+01,-8.102080045505924488e+01
3.200000000000000000e+01,-8.078231609161673532e+01
3.220000000000000284e+01,-8.088498371422535627e+01
3.239999999999999858e+01,-8.012696320643473769e+01
3.260000000000000142e+01,-7.998028045925840956e+01
3.280000000000000426e+01,-8.021543771489750441e+01
3.300000000000000000e+01,-8.006536126559718980e+01
3.320000000000000284e+01,-7.994688557722737698e+01
3.339999999999999858e+01,-7.952286271790565308e+01
3.360000000000000142e+01,-7.976959653697842612e+01
3.380000000000000426e+01,-7.949344413528143605e+01
3.400000000000000000e+01,-7.916869303205974973e+01
3.420000000000000284e+01,-7.897356233399329994e+01
3.439999999999999858e+01,-7.858047953906309147e+01
3.460000000000000142e+01,-7.851208523655220972e+01
3.480000000000000426e+01,-7.809671384774497938e+01
3.500000000000000000e+01,-7.855713701468967258e+01
3.520000000000000284e+01,-7.816915148582936013e+01
3.539999999999999858e+01,-7.818564381160611276e+01
3.560000000000000142e+01,-7.848953732446639719e+01
3.580000000000000426e+01,-7.829943674013307486e+01
3.600000000000000000e+01,-7.801081381380495827e+01
3.620000000000000284e+01,-7.806930726549863664e+01
3.639999999999999858e+01,-7.744480243949085718e+01
3.660000000000000142e+01,-7.774052205147918926e+01
3.680000000000000426e+01,-7.747820297013909396e+01
3.700000000000000000e+01,-7.737815909462248953e+01
3.720000000000000284e+01,-7.700248980107576813e+01
3.739999999999999858e+01,-7.718861031837820974e+01
3.760000000000000142e+01,-7.690563967722603422e+01
3.780000000000000426e+01,-7.710817395964997445e+01
3.800000000000000000e+01,-7.676221898207971606e+01
3.820000000000000284e+01,-7.644560742341512594e+01
3.840000000000000568e+01,-7.647903905635729416e+01
3.860000000000000142e+01,-7.633515309649237679e+01
3.880000000000000426e+01,-7.619691386830629654e+01
3.900000000000000000e+01,-7.610908532108555846e+01
3.920000000000000284e+01,-7.610652248856413848e+01
3.940000000000000568e+01,-7.623554285952140219e+01
3.960000000000000142e+01,-7.568981633550043853e+01
3.980000000000000426e+01,-7.617696712988814056e+01
4.000000000000000000e+01,-7.616392382839363506e+01
4.020000000000000284e+01,-7.545140771939772151e+01
4.040000000000000568e+01,-7.590985882827659736e+01
4.060000000000000142e+01,-7.549102593355003421e+01
4.080000000000000426e+01,-7.537485363016254780e+01
4.100000000000000000e+01,-7.576876477828679413e+01
4.120000000000000284e+01,-7.596073402761231819e+01
4.140000000000000568e+01,-7.544179538223563952e+01
4.160000000000000142e+01,-7.556120687591064211e+01
4.180000000000000426e+01,-7.584404720494690366e+01
4.200000000000000000e+01,-7.518362286752902435e+01
4.220000000000000284e+01,-7.536781468938434614e+01
4.240000000000000568e+01,-7.515489352725192873e+01
4.260000000000000142e+01,-7.528003479310314106e+01
4.280000000000000426e+01,-7.542802869529035092e+01
4.300000000000000000e+01,-7.519577255760492562e+01
4.320000000000000284e+01,-7.507350226368245671e+01
4.340000000000000568e+01,-7.506320723744744328e+01
4.360000000000000142e+01,-7.505341809260123398e+01
4.380000000000000426e+01,-7.519696056407590845e+01
4.400000000000000000e+01,-7.513208434698370297e+01
4.420000000000000284e+01,-7.474819201598971574e+01
4.440000000000000568e+01,-7.474530302628186007e+01
4.460000000000000142e+01,-7.509636574371903350e+01
4.480000000000000426e+01,-7.485692910680731416e+01
4.500000000000000000e+01,-7.494545600915587613e+01
4.520000000000000284e+01,-7.462932252156046786e+01
4.540000000000000568e+01,-7.499103517733888680e+01
4.560000000000000142e+01,-7.478144330942858176e+01
4.580000000000000426e+01,-7.443835345755378796e+01
4.600000000000000000e+01,-7.470254523032636484e+01
4.620000000000000284e+01,-7.485922389664294485e+01
4.640000000000000568e+01,-7.462639438884210108e+01
4.660000000000000142e+01,-7.547814022510732457e+01
4.680000000000000426e+01,-7.502096859542102436e+01
4.700000000000000000e+01,-7.511895005124229385e+01
4.720000000000000284e+01,-7.510112898727204822e+01
4.740000000000000568e+01,-7.482636815496761074e+01
4.760000000000000142e+01,-7.537997468864992356e+01
4.780000000000000426e+01,-7.496430429947062635e+01
4.800000000000000000e+01,-7.481321281934459932e+01
4.820000000000000284e+01,-7.496165306141676865e+01
4.840000000000000568e+01,-7.519784979711235451e+01
4.860000000000000142e+01,-7.487415535266200095e+01
4.880000000000000426e+01,-7.485898759288480164e+01
4.900000000000000000e+01,-7.520963375815345842e+01
4.920000000000000284e+01,-7.511030762512503145e+01
4.940000000000000568e+01,-7.499714503072770810e+01
4.960000000000000142e+01,-7.515369868644090445e+01
4.980000000000000426e+01,-7.506225441413953092e+01
5.000000000000000000e+01,-7.515344492733211723e+01
5.020000000000000284e+01,-7.514665205282611282e+01
5.040000000000000568e+01,-7.518115113283101891e+01
5.060000000000000142e+01,-7.490723790551912487e+01
5.080000000000000426e+01,-7.519310361688360445e+01
5.100000000000000000e+01,-7.553616890895054325e+01
5.120000000000000284e+01,-7.535902894295027465e+01
5.140000000000000568e+01,-7.534618693394807565e+01
5.160000000000000142e+01,-7.542096436550133376e+01
5.180000000000000426e+01,-7.515186281437324567e+01
5.200000000000000000e+01,-7.540178436349123103e+01
5.220000000000000284e+01,-7.544864006437299508e+01
5.240000000000000568e+01,-7.525993731582839530e+01
5.260000000000000142e+01,-7.515387992800700090e+01
5.280000000000000426e+01,-7.556071422412389893e+01
5.300000000000000000e+01,-7.540011510692475838e+01
5.320000000000000284e+01,-7.542518988220010101e+01
5.340000000000000568e+01,-7.491346116742988670e+01
5.360000000000000142e+01,-7.474908207339949229e+01
5.380000000000000426e+01,-7.477504893117159668e+01
5.400000000000000000e+01,-7.555220110183796578e+01
5.420000000000000284e+01,-7.608893471432109834e+01
5.440000000000000568e+01,-7.496272565943201016e+01
5.460000000000000142e+01,-7.515755646980723270e+01
5.480000000000000426e+01,-7.485580991952932095e+01
5.500000000000000000e+01,-7.566501163420095111e+01
5.520000000000000284e+01,-7.510812712961568138e+01
5.540000000000000568e+01,-7.534166165340909060e+01
5.560000000000000142e+01,-7.527579301675345391e+01
5.580000000000000426e+01,-7.505367289334930092e+01
5.600000000000000000e+01,-7.512487757935636523e+01
5.620000000000000284e+01,-7.488021012050795377e+01
5.640000000000000568e+01,-7.507359351241822765e+01
5.660000000000000142e+01,-7.532971308021322443e+01
5.680000000000000426e+01,-7.508887453765963471e+01
5.700000000000000000e+01,-7.546165501832004452e+01
5.720000000000000284e+01,-7.503731678301541308e+01
5.740000000000000568e+01,-7.549218499237902336e+01
5.760000000000000142e+01,-7.558318814563418186e+01
5.780000000000000426e+01,-7.524363145010323706e+01
5.800000000000000000e+01,-7.535189619934060090e+01
5.820000000000000284e+01,-7.530527505567975766e+01
5.840000000000000568e+01,-7.523546343790243895e+01
5.860000000000000142e+01,-7.538398759705432894e+01
5.880000000000000426e+01,-7.518816703644907307e+01
5.900000000000000000e+01,-7.515661951929624252e+01
5.920000000000000284e+01,-7.490266025368667613e+01
5.940000000000000568e+01,-7.512268143807334297e+01
5.960000000000000142e+01,-7.501750131652448772e+01
5.980000000000000426e+01,-7.547236551825643858e+01
6.000000000000000000e+01,-7.542086455190374750e+01
6.020000000000000284e+01,-7.488113114230573331e+01
6.040000000000000568e+01,-7.532892332842743599e+01
6.060000000000000142e+01,-7.515860373857196919e+01
6.080000000000000426e+01,-7.515122506935279034e+01
6.100000000000000000e+01,-7.510752862330956248e+01
6.120000000000000284e+01,-7.501281758440055114e+01
6.140000000000000568e+01,-7.503269410558571906e+01
6.160000000000000142e+01,-7.528651416911846184e+01
6.180000000000000426e+01,-7.507547867857304880e+01
6.200000000000000000e+01,-7.526938655130975064e+01
6.220000000000000284e+01,-7.507450080114084301e+01
6.240000000000000568e+01,-7.520981001359859874e+01
6.260000000000000142e+01,-7.473889557642200998e+01
6.280000000000000426e+01,-7.531783539438183084e+01
6.300000000000000000e+01,-7.502819739757073592e+01
6.320000000000000284e+01,-7.520105269883040933e+01
6.340000000000000568e+01,-7.535132587039460361e+01
6.360000000000000142e+01,-7.531520248560329378e+01
6.380000000000000426e+01,-7.548669484709415656e+01
6.400000000000000000e+01,-7.493122336057948019e+01
6.420000000000000284e+01,-7.520239957655392971e+01
6.440000000000000568e+01,-7.527016374203347482e+01
6.460000000000000853e+01,-7.520799345847272832e+01
6.479999999999999716e+01,-7.505873146669543416e+01
6.500000000000000000e+01,-7.519018828931889686e+01
6.520000000000000284e+01,-7.543684372537278193e+01
6.540000000000000568e+01,-7.561505882495484343e+01
6.560000000000000853e+01,-7.545480434177899554e+01
6.579999999999999716e+01,-7.529078076425095389e+01
6.600000000000000000e+01,-7.543082450333567124e+01
6.620000000000000284e+01,-7.539509048529818358e+01
6.640000000000000568e+01,-7.511105512030827924e+01
6.660000000000000853e+01,-7.472826113428483552e+01
6.679999999999999716e+01,-7.564234498082174696e+01
6.700000000000000000e+01,-7.476070397306976645e+01
6.720000000000000284e+01,-7.507981481424934600e+01
6.740000000000000568e+01,-7.502548669721356589e+01
6.760000000000000853e+01,-7.486583812284096950e+01
6.779999999999999716e+01,-7.557262961331274198e+01
6.800000000000000000e+01,-7.518720756173108555e+01
6.820000000000000284e+01,-7.532714079600965817e+01
6.840000000000000568e+01,-7.529098166501252365e+01
6.860000000000000853e+01,-7.480987409768169982e+01
6.879999999999999716e+01,-7.538108732074552165e+01
6.900000000000000000e+01,-7.501449583856565084e+01
6.920000000000000284e+01,-7.515085921529929180e+01
6.940000000000000568e+01,-7.501201737930905722e+01
6.960000000000000853e+01,-7.488862789405587250e+01
6.979999999999999716e+01,-7.512370038345731871e+01
7.000000000000000000e+01,-7.483134055378070570e+01
7.020000000000000284e+01,-7.505192165573684804e+01
7.040000000000000568e+01,-7.545124438854007565e+01
7.060000000000000853e+01,-7.533062232229937649e+01
7.079999999999999716e+01,-7.548397129395313243e+01
7.100000000000000000e+01,-7.508417407171046420e+01
7.120000000000000284e+01,-7.496247662940679390e+01
7.140000000000000568e+01,-7.540234009875227628e+01
7.160000000000000853e+01,-7.547476939278726604e+01
7.179999999999999716e+01,-7.523024060948725378e+01
7.200000000000000000e+01,-7.483060270627213129e+01
7.220000000000000284e+01,-7.551718644683030845e+01
7.240000000000000568e+01,-7.516980305771841131e+01
7.260000000000000853e+01,-7.497253339771027925e+01
7.279999999999999716e+01,-7.514781665342344752e+01
7.300000000000000000e+01,-7.533088469465715775e+01
7.320000000000000284e+01,-7.516580919573739550e+01
7.340000000000000568e+01,-7.551095495668680257e+01
7.360000000000000853e+01,-7.502326582882278672e+01
7.379999999999999716e+01,-7.539765850036019401e+01
7.400000000000000000e+01,-7.535324495618040430e+01
7.420000000000000284e+01,-7.515521923488302036e+01
7.440000000000000568e+01,-7.490470963260140991e+01
7.460000000000000853e+01,-7.518520508027103233e+01
7.479999999999999716e+01,-7.531113167208968662e+01
7.500000000000000000e+01,-7.539127734798077540e+01
7.520000000000000284e+01,-7.546809841812152797e+01
7.540000000000000568e+01,-7.511315810372984458e+01
7.560000000000000853e+01,-7.545263735608033073e+01
7.579999999999999716e+01,-7.521775864275136314e+01
7.600000000000000000e+01,-7.553832860231388224e+01
7.620000000000000284e+01,-7.551123444406117358e+01
7.640000000000000568e+01,-7.497600056193857654e+01
7.660000000000000853e+01,-7.500469452517226898e+01
7.680000000000001137e+01,-7.540187059536091851e+01
7.700000000000000000e+01,-7.502619170012171423e+01
7.720000000000000284e+01,-7.470467245163786174e+01
7.740000000000000568e+01,-7.486212032271964745e+01
7.760000000000000853e+01,-7.516581589406361275e+01
7.780000000000001137e+01,-7.530659573779520599e+01
7.800000000000000000e+01,-7.501094735819630444e+01
7.820000000000000284e+01,-7.530679004969907453e+01
7.840000000000000568e+01,-7.530507403145935541e+01
7.860000000000000853e+01,-7.530019589691606541e+01
7.880000000000001137e+01,-7.497075835505502539e+01
7.900000000000000000e+01,-7.514840619363307894e+01
7.920000000000000284e+01,-7.532646350561175552e+01
7.940000000000000568e+01,-7.535500977000431533e+01
7.960000000000000853e+01,-7.504726379544909776e+01
7.980000000000001137e+01,-7.570516658088808981e+01
8.000000000000000000e+01,-7.479225106638280351e+01
8.020000000000000284e+01,-7.560017836769625887e+01
8.040000000000000568e+01,-7.575375957728383014e+01
8.060000000000000853e+01,-7.583158633383345659e+01
8.080000000000001137e+01,-7.504247373690439815e+01
8.100000000000000000e+01,-7.534498066529164362e+01
8.120000000000000284e+01,-7.565636646842135349e+01
8.140000000000000568e+01,-7.547655781236242944e+01
8.160000000000000853e+01,-7.530754488857108697e+01
8.180000000000001137e+01,-7.513765128559008133e+01
8.200000000000000000e+01,-7.519943063483609080e+01
8.220000000000000284e+01,-7.518577699083130028e+01
8.240000000000000568e+01,-7.507605090163450257e+01
8.260000000000000853e+01,-7.562812249516234431e+01
8.280000000000001137e+01,-7.482935759582284163e+01
8.300000000000000000e+01,-7.533071787301668110e+01
8.320000000000000284e+01,-7.521024395458181289e+01
8.340000000000000568e+01,-7.541289386912949055e+01
8.360000000000000853e+01,-7.570268407858300463e+01
8.380000000000001137e+01,-7.488786215319693440e+01
8.400000000000000000e+01,-7.486743984649382355e+01
8.420000000000000284e+01,-7.547354817776637503e+01
8.440000000000000568e+01,-7.476022482775914568e+01
8.460000000000000853e+01,-7.516871651728195047e+01
8.480000000000001137e+01,-7.518430144662018222e+01
8.500000000000000000e+01,-7.535846718741420602e+01
8.520000000000000284e+01,-7.553559465232378045e+01
8.540000000000000568e+01,-7.525741402013493087e+01
8.560000000000000853e+01,-7.518857622168681587e+01
8.580000000000001137e+01,-7.536107615399750159e+01
8.600000000000000000e+01,-7.571692317388772153e+01
8.620000000000000284e+01,-7.562924983843559801e+01
8.640000000000000568e+01,-7.493415395181780525e+01
8.660000000000000853e+01,-7.530620425055484191e+01
8.680000000000001137e+01,-7.521003414533853970e+01
8.700000000000000000e+01,-7.562074365971970735e+01
8.720000000000000284e+01,-7.534333798243962121e+01
8.740000000000000568e+01,-7.525995024387117383e+01
8.760000000000000853e+01,-7.529257496641122316e+01
8.780000000000001137e+01,-7.518227705217897494e+01
8.800000000000000000e+01,-7.479054936205375270e+01
8.820000000000000284e+01,-7.474873590851018434e+01
8.840000000000000568e+01,-7.497510657455251248e+01
8.860000000000000853e+01,-7.518122414140489695e+01
8.880000000000001137e+01,-7.516886381523309524e+01
8.900000000000000000e+01,-7.498661124451271576e+01
8.920000000000000284e+01,-7.544825274009889426e+01
8.940000000000000568e+01,-7.497540804714581952e+01
8.960000000000000853e+01,-7.531611470860525515e+01
8.980000000000001137e+01,-7.573421915366031953e+01
9.000000000000000000e+01,-7.548001927218702178e+01
9.020000000000000284e+01,-7.555290280629991173e+01
9.040000000000000568e+01,-7.521558776729756346e+01
9.060000000000000853e+01,-7.519449954820561288e+01
9.080000000000001137e+01,-7.562008238748254030e+01
9.100000000000000000e+01,-7.524718839137688065e+01
9.120000000000000284e+01,-7.547874434978183444e+01
9.140000000000000568e+01,-7.498728496486553752e+01
9.160000000000000853e+01,-7.531282988483255281e+01
9.180000000000001137e+01,-7.476988723664716474e+01
9.200000000000000000e+01,-7.545502214045565381e+01
9.220000000000000284e+01,-7.507398285174086539e+01
9.240000000000000568e+01,-7.536633481514894584e+01
9.260000000000000853e+01,-7.508809143381357387e+01
9.280000000000001137e+01,-7.531396819090990391e+01
9.300000000000000000e+01,-7.516800722819829161e+01
9.320000000000000284e+01,-7.586830774443330938e+01
9.340000000000000568e+01,-7.533331654623273721e+01
9.360000000000000853e+01,-7.504721629971010088e+01
9.380000000000001137e+01,-7.506852244035786725e+01
9.400000000000000000e+01,-7.512126527757575900e+01
9.420000000000000284e+01,-7.547384252861934328e+01
9.440000000000000568e+01,-7.489720741127024439e+01
9.460000000000000853e+01,-7.502145966282904510e+01
9.480000000000001137e+01,-7.537344248088334098e+01
9.500000000000000000e+01,-7.535007314189616068e+01
9.520000000000000284e+01,-7.529476931686200203e+01
9.540000000000000568e+01,-7.508715147856094063e+01
9.560000000000000853e+01,-7.523967623164945451e+01
9.580000000000001137e+01,-7.529817798982942634e+01
9.600000000000000000e+01,-7.499511271482695918e+01
9.620000000000000284e+01,-7.533191285709858676e+01
9.640000000000000568e+01,-7.538191825142290270e+01
9.660000000000000853e+01,-7.506991117539095626e+01
9.680000000000001137e+01,-7.537928498897075258e+01
9.700000000000000000e+01,-7.480530002619451579e+01
9.720000000000000284e+01,-7.562801602917727450e+01
9.740000000000000568e+01,-7.547862651679233181e+01
9.760000000000000853e+01,-7.556377009134081391e+01
9.780000000000001137e+01,-7.520374241404402937e+01
9.800000000000000000e+01,-7.504272371384158191e+01
9.820000000000000284e+01,-7.533490210519428842e+01
9.840000000000000568e+01,-7.549295770411144701e+01
9.860000000000000853e+01,-7.519941854200268949e+01
9.880000000000001137e+01,-7.533375020405476619e+01
9.900000000000000000e+01,-7.543023457575847601e+01
9.920000000000000284e+01,-7.522133036075000234e+01
9.940000000000000568e+01,-7.545440900963325248e+01
9.960000000000000853e+01,-7.513773852550406218e+01
9.980000000000001137e+01,-7.527833504981093427e+01
1.000000000000000000e+02,-7.533307013056528945e+01
1.002000000000000028e+02,-7.535738724448292203e+01
1.004000000000000057e+02,-7.468532260640598963e+01
1.006000000000000085e+02,-7.487567631588112249e+01
1.008000000000000114e+02,-7.476097827071097868e+01
1.010000000000000000e+02,-7.517733090478425595e+01
1.012000000000000028e+02,-7.493253255650982680e+01
1.014000000000000057e+02,-7.465481585954022137e+01
1.016000000000000085e+02,-7.517707238893476074e+01
1.018000000000000114e+02,-7.528056363012456131e+01
1.020000000000000000e+02,-7.515315741058002175e+01
1.022000000000000028e+02,-7.554747103572653089e+01
1.024000000000000057e+02,-7.553063089493103632e+01
1.026000000000000085e+02,-7.523587457641492904e+01
1.028000000000000114e+02,-7.516959859576832059e+01
1.030000000000000000e+02,-7.524952261970011591e+01
1.032000000000000028e+02,-7.524578301347470699e+01
1.034000000000000057e+02,-7.526203456083852927e+01
1.036000000000000085e+02,-7.538868106222699339e+01
1.038000000000000114e+02,-7.497678289181722278e+01
1.040000000000000000e+02,-7.522033361029779996e+01
1.042000000000000028e+02,-7.556255614737477799e+01
1.044000000000000057e+02,-7.451642658233011218e+01
1.046000000000000085e+02,-7.555730775093523732e+01
1.048000000000000114e+02,-7.535129677720979657e+01
1.050000000000000000e+02,-7.501188527727839528e+01
1.052000000000000028e+02,-7.518869561445153238e+01
1.054000000000000057e+02,-7.488486275941960457e+01
1.056000000000000085e+02,-7.529894031241502717e+01
1.058000000000000114e+02,-7.515191924620783936e+01
1.060000000000000000e+02,-7.535455282163248114e+01
1.062000000000000028e+02,-7.515123604034030791e+01
1.064000000000000057e+02,-7.532606043000501472e+01
1.066000000000000085e+02,-7.508512289759379144e+01
1.068000000000000114e+02,-7.500343783571827316e+01
1.070000000000000000e+02,-7.539243744206748943e+01
1.072000000000000028e+02,-7.471335060245162651e+01
1.074000000000000057e+02,-7.538230399632327305e+01
1.076000000000000085e+02,-7.522183607096205549e+01
1.078000000000000114e+02,-7.489537024991527403e+01
1.080000000000000000e+02,-7.515929410098748065e+01
1.082000000000000028e+02,-7.532468200690702531e+01
1.084000000000000057e+02,-7.549413080766922235e+01
1.086000000000000085e+02,-7.560456710489557963e+01
1.088000000000000114e+02,-7.495759246061859926e+01
1.090000000000000000e+02,-7.518456650064696589e+01
1.092000000000000028e+02,-7.503003987452507317e+01
1.094000000000000057e+02,-7.493020126073551523e+01
1.096000000000000085e+02,-7.533857971362562012e+01
1.098000000000000114e+02,-7.502373775125197142e+01
1.100000000000000000e+02,-7.516276727269236346e+01
1.102000000000000028e+02,-7.507607403393960510e+01
1.104000000000000057e+02,-7.520964430722688121e+01
1.106000000000000085e+02,-7.548750355853275096e+01
1.108000000000000114e+02,-7.499621944392175976e+01
1.110000000000000000e+02,-7.495560293374347793e+01
1.112000000000000028e+02,-7.513204231382511011e+01
1.114000000000000057e+02,-7.509958174793909791e+01
1.116000000000000085e+02,-7.503600263514144331e+01
1.118000000000000114e+02,-7.514510164021420735e+01
1.120000000000000000e+02,-7.525354985196882751e+01
1.122000000000000028e+02,-7.500224662022158384e+01
1.124000000000000057e+02,-7.483287743691094818e+01
1.126000000000000085e+02,-7.519111893769805022e+01
1.128000000000000114e+02,-7.566442001626427327e+01
1.130000000000000000e+02,-7.494585230202856962e+01
1.132000000000000028e+02,-7.521312030988899267e+01
1.134000000000000057e+02,-7.535572995120644180e+01
1.136000000000000085e+02,-7.542285379634377307e+01
1.138000000000000114e+02,-7.498369320871547927e+01
1.140000000000000000e+02,-7.507851423217591957e+01
1.142000000000000028e+02,-7.493402960145354541e+01
1.144000000000000057e+02,-7.534026334607884223e+01
1.146000000000000085e+02,-7.555722731460491559e+01
1.148000000000000114e+02,-7.500204568601206745e+01
1.150000000000000000e+02,-7.497710812067818154e+01
1.152000000000000028e+02,-7.529699573442179883e+01
1.154000000000000057e+02,-7.524165669495168629e+01
1.156000000000000085e+02,-7.534015130033760954e+01
1.158000000000000114e+02,-7.514828496497126764e+01
1.160000000000000000e+02,-7.527249777355589799e+01
1.162000000000000028e+02,-7.525755716562456143e+01
1.164000000000000057e+02,-7.540898851208416431e+01
1.166000000000000085e+02,-7.516251509293712729e+01
1.168000000000000114e+02,-7.534379506571228546e+01
1.170000000000000000e+02,-7.504662959314887871e+01
1.172000000000000028e+02,-7.514373389856618246e+01
1.174000000000000057e+02,-7.528367022975346856e+01
1.176000000000000085e+02,-7.521771038629242412e+01
1.178000000000000114e+02,-7.482626604216173405e+01
1.180000000000000000e+02,-7.534990139951837307e+01
1.182000000000000028e+02,-7.537894746950868807e+01
1.184000000000000057e+02,-7.510636151568115793e+01
1.186000000000000085e+02,-7.507890027458964255e+01
1.188000000000000114e+02,-7.520682326307804999e+01
1.190000000000000000e+02,-7.488887772667321485e+01
1.192000000000000028e+02,-7.540669955784053968e+01
1.194000000000000057e+02,-7.518029395850813046e+01
1.196000000000000085e+02,-7.546030301609383173e+01
1.198000000000000114e+02,-7.520549328745252637e+01
1.200000000000000000e+02,-7.533650636243814347e+01
1.202000000000000028e+02,-7.524835174845796359e+01
1.204000000000000057e+02,-7.566647596204808224e+01
1.206000000000000085e+02,-7.499455163316450523e+01
1.208000000000000114e+02,-7.520613956310529602e+01
1.210000000000000000e+02,-7.523872077632825039e+01
1.212000000000000028e+02,-7.490762709344299708e+01
1.214000000000000057e+02,-7.513299371261575743e+01
1.216000000000000085e+02,-7.544983317628508246e+01
1.218000000000000114e+02,-7.579808056747737055e+01
1.220000000000000000e+02,-7.505125576937035703e+01
1.222000000000000028e+02,-7.524782351706419092e+01
1.224000000000000057e+02,-7.502937443110107552e+01
1.226000000000000085e+02,-7.503634629677861767e+01
1.228000000000000114e+02,-7.527326650231839267e+01
1.230000000000000000e+02,-7.500859269973737753e+01
1.232000000000000028e+02,-7.505860504059566551e+01
1.234000000000000057e+02,-7.489572966990472480e+01
1.236000000000000085e+02,-7.529761459603312801e+01
1.238000000000000114e+02,-7.571625930082973355e+01
1.240000000000000000e+02,-7.509595891263253975e+01
1.242000000000000028e+02,-7.526032853155719238e+01
1.244000000000000057e+02,-7.562320386080008916e+01
1.246000000000000085e+02,-7.581195959628168168e+01
1.248000000000000114e+02,-7.501542510832138078e+01
1.250000000000000000e+02,-7.527874670491655706e+01
1.252000000000000028e+02,-7.554140724728897283e+01
1.254000000000000057e+02,-7.519332319690320787e+01
1.256000000000000085e+02,-7.541041063808435752e+01
1.258000000000000114e+02,-7.544400111332612369e+01
1.260000000000000000e+02,-7.525713424849699607e+01
1.262000000000000028e+02,-7.507667218958077626e+01
1.264000000000000057e+02,-7.531906011997860162e+01
1.266000000000000085e+02,-7.504315519004060775e+01
1.268000000000000114e+02,-7.540431596765787958e+01
1.270000000000000000e+02,-7.486291686444522497e+01
1.272000000000000028e+02,-7.534461517960448873e+01
1.274000000000000057e+02,-7.525619365902016966e+01
1.276000000000000085e+02,-7.556354469881462421e+01
1.278000000000000114e+02,-7.456001767102351607e+01
1.280000000000000000e+02,-7.490501888000848396e+01
1.282000000000000171e+02,-7.551481922107547007e+01
1.284000000000000057e+02,-7.559900118211935194e+01
1.285999999999999943e+02,-7.511378673984881971e+01
1.288000000000000114e+02,-7.527289607667214000e+01
1.290000000000000000e+02,-7.503220882302748862e+01
1.292000000000000171e+02,-7.533271726080160136e+01
1.294000000000000057e+02,-7.518435602430790254e+01
1.295999999999999943e+02,-7.494905813748951573e+01
1.298000000000000114e+02,-7.478012532492104469e+01
1.300000000000000000e+02,-7.546835245893167610e+01
1.302000000000000171e+02,-7.546101679990030675e+01
1.304000000000000057e+02,-7.492265699942110757e+01
1.305999999999999943e+02,-7.539425988900464404e+01
1.308000000000000114e+02,-7.535642892145436633e+01
1.310000000000000000e+02,-7.495484332324596721e+01
1.312000000000000171e+02,-7.548870466067032226e+01
1.314000000000000057e+02,-7.521739662226772793e+01
1.315999999999999943e+02,-7.534688430657776337e+01
1.318000000000000114e+02,-7.497682517256681933e+01
1.320000000000000000e+02,-7.508227991848838201e+01
1.322000000000000171e+02,-7.512208047675549949e+01
1.324000000000000057e+02,-7.496905973120198041e+01
1.325999999999999943e+02,-7.509191320033286843e+01
1.328000000000000114e+02,-7.501069692650368381e+01
1.330000000000000000e+02,-7.531340099726043036e+01
1.332000000000000171e+02,-7.469167258852708358e+01
1.334000000000000057e+02,-7.541006517166898959e+01
1.335999999999999943e+02,-7.523541194168950597e+01
1.338000000000000114e+02,-7.520430151888763248e+01
1.340000000000000000e+02,-7.531058392956151692e+01
1.342000000000000171e+02,-7.573969846378780346e+01
1.344000000000000057e+02,-7.566028472477978539e+01
1.345999999999999943e+02,-7.498814129728202715e+01
1.348000000000000114e+02,-7.471272322529119947e+01
1.350000000000000000e+02,-7.553623382364826000e+01
1.352000000000000171e+02,-7.512098912044280041e+01
1.354000000000000057e+02,-7.511945976702213557e+01
1.355999999999999943e+02,-7.540783774217628377e+01
1.358000000000000114e+02,-7.508068963183495725e+01
1.360000000000000000e+02,-7.570950040558847149e+01
1.362000000000000171e+02,-7.514257177575582602e+01
1.364000000000000057e+02,-7.492359986518324888e+01
1.365999999999999943e+02,-7.517221636457082923e+01
1.368000000000000114e+02,-7.551796405994538475e+01
1.370000000000000000e+02,-7.510462007423936370e+01
1.372000000000000171e+02,-7.505398584867690204e+01
1.374000000000000057e+02,-7.519581852305255154e+01
1.375999999999999943e+02,-7.513379592048681843e+01
1.378000000000000114e+02,-7.551081495236732621e+01
1.380000000000000000e+02,-7.506377346281306018e+01
1.382000000000000171e+02,-7.509027086014597785e+01
1.384000000000000057e+02,-7.504573736873105361e+01
1.385999999999999943e+02,-7.595267241796726410e+01
1.388000000000000114e+02,-7.543235427361328505e+01
1.390000000000000000e+02,-7.603346976213045139e+01
1.392000000000000171e+02,-7.507388969487378461e+01
1.394000000000000057e+02,-7.537925733386718719e+01
1.395999999999999943e+02,-7.529695772094399331e+01
1.398000000000000114e+02,-7.492457083598459633e+01
1.400000000000000000e+02,-7.527005443293960241e+01
1.402000000000000171e+02,-7.544269397010695855e+01
1.404000000000000057e+02,-7.525690085018449338e+01
1.405999999999999943e+02,-7.545542486160887563e+01
1.408000000000000114e+02,-7.530283487718186564e+01
1.410000000000000000e+02,-7.526552479824890440e+01
1.412000000000000171e+02,-7.498697530226517927e+01
1.414000000000000057e+02,-7.483416507014538865e+01
1.415999999999999943e+02,-7.489658553890933490e+01
1.418000000000000114e+02,-7.517268207940443858e+01
1.420000000000000000e+02,-7.532435219835848272e+01
1.422000000000000171e+02,-7.517428458555356485e+01
1.424000000000000057e+02,-7.529077766065488220e+01
1.425999999999999943e+02,-7.548590336170043713e+01
1.428000000000000114e+02,-7.538728662633435817e+01
1.430000000000000000e+02,-7.481101939959576441e+01
1.432000000000000171e+02,-7.527225898200381948e+01
1.434000000000000057e+02,-7.523826007729542198e+01
1.435999999999999943e+02,-7.551870983839843632e+01
1.438000000000000114e+02,-7.577138091553499066e+01
1.440000000000000000e+02,-7.531595685823432973e+01
1.442000000000000171e+02,-7.476054451291690839e+01
1.444000000000000057e+02,-7.538235708577624905e+01
1.445999999999999943e+02,-7.536958713285370948e+01
1.448000000000000114e+02,-7.534800107696017335e+01
1.450000000000000000e+02,-7.543744774022819399e+01
1.452000000000000171e+02,-7.509410044457492006e+01
1.454000000000000057e+02,-7.526423356372983164e+01
1.455999999999999943e+02,-7.498270957766342804e+01
1.458000000000000114e+02,-7.558939956415851213e+01
1.460000000000000000e+02,-7.548777291355615660e+01
1.462000000000000171e+02,-7.571706573836988241e+01
1.464000000000000057e+02,-7.503454331072559569e+01
1.465999999999999943e+02,-7.509243908756938879e+01
1.468000000000000114e+02,-7.506060009419573475e+01
1.470000000000000000e+02,-7.549648948575469376e+01
1.472000000000000171e+02,-7.553275214698768991e+01
1.474000000000000057e+02,-7.549332259533720446e+01
1.475999999999999943e+02,-7.521688627927071025e+01
1.478000000000000114e+02,-7.546183816478293238e+01
1.480000000000000000e+02,-7.535526630002253512e+01
1.482000000000000171e+02,-7.554463888659788040e+01
1.484000000000000057e+02,-7.527228833040292955e+01
1.485999999999999943e+02,-7.547698097171479503e+01
1.488000000000000114e+02,-7.510788146483136529e+01
1.490000000000000000e+02,-7.497991750828650481e+01
1.492000000000000171e+02,-7.512175847405771378e+01
1.494000000000000057e+02,-7.534745541816336356e+01
1.495999999999999943e+02,-7.475637651085691004e+01
1.498000000000000114e+02,-7.537649818467906471e+01
1.500000000000000000e+02,-7.514490177885552669e+01
1.502000000000000171e+02,-7.537569374153062540e+01
1.504000000000000057e+02,-7.505896957808771219e+01
1.505999999999999943e+02,-7.520182006832831689e+01
1.508000000000000114e+02,-7.517700616209823750e+01
1.510000000000000000e+02,-7.522689219834884966e+01
1.512000000000000171e+02,-7.495122435155197138e+01
1.514000000000000057e+02,-7.505541733838325058e+01
1.515999999999999943e+02,-7.498086138247028032e+01
1.518000000000000114e+02,-7.532493902260797825e+01
1.520000000000000000e+02,-7.537754431008900724e+01
1.522000000000000171e+02,-7.552076911706659246e+01
1.524000000000000057e+02,-7.534882084740068819e+01
1.525999999999999943e+02,-7.507535585977788628e+01
1.528000000000000114e+02,-7.564239007658072467e+01
1.530000000000000000e+02,-7.540442840855278916e+01
1.532000000000000171e+02,-7.521231755001301167e+01
1.534000000000000057e+02,-7.486624856959953433e+01
1.536000000000000227e+02,-7.546828247400048895e+01
1.538000000000000114e+02,-7.503333409134468468e+01
1.540000000000000000e+02,-7.531991996968166347e+01
1.542000000000000171e+02,-7.531066771159744633e+01
1.544000000000000057e+02,-7.488618388164616135e+01
1.546000000000000227e+02,-7.502893659955591943e+01
1.548000000000000114e+02,-7.526498124539300250e+01
1.550000000000000000e+02,-7.497355745044576736e+01
1.552000000000000171e+02,-7.518593644795507203e+01
1.554000000000000057e+02,-7.521202112356451153e+01
1.556000000000000227e+02,-7.505520112927717946e+01
1.558000000000000114e+02,-7.499306695108471388e+01
1.560000000000000000e+02,-7.535230817538551662e+01
1.562000000000000171e+02,-7.530886669648937470e+01
1.564000000000000057e+02,-7.507696396507706993e+01
1.566000000000000227e+02,-7.509217705053110592e+01
1.568000000000000114e+02,-7.518141585028861584e+01
1.570000000000000000e+02,-7.539983315715855383e+01
1.572000000000000171e+02,-7.520492751451770630e+01
1.574000000000000057e+02,-7.518169665658450640e+01
1.576000000000000227e+02,-7.521113960737332604e+01
1.578000000000000114e+02,-7.524755440799455641e+01
1.580000000000000000e+02,-7.553191685334442695e+01
1.582000000000000171e+02,-7.518971232597750998e+01
1.584000000000000057e+02,-7.537140400449450794e+01
1.586000000000000227e+02,-7.553695670359584824e+01
1.588000000000000114e+02,-7.589286357669853089e+01
1.590000000000000000e+02,-7.530144148243594771e+01
1.592000000000000171e+02,-7.515721720027410413e+01
1.594000000000000057e+02,-7.530523478616476041e+01
1.596000000000000227e+02,-7.561889175125880058e+01
1.598000000000000114e+02,-7.544389220384040584e+01
1.600000000000000000e+02,-7.538659142307230354e+01
1.602000000000000171e+02,-7.505620773337781770e+01
1.604000000000000057e+02,-7.467764759664648011e+01
1.606000000000000227e+02,-7.506153472954198946e+01
1.608000000000000114e+02,-7.502957655776725687e+01
1.610000000000000000e+02,-7.519718125236418871e+01
1.612000000000000171e+02,-7.528327093743988030e+01
1.614000000000000057e+02,-7.550431554975924087e+01
1.616000000000000227e+02,-7.530127376734823486e+01
1.618000000000000114e+02,-7.506468997927231612e+01
1.620000000000000000e+02,-7.531466898961951983e+01
1.622000000000000171e+02,-7.509481738488510416e+01
1.624000000000000057e+02,-7.511571333139548301e+01
1.626000000000000227e+02,-7.500439100614995880e+01
1.628000000000000114e+02,-7.505981951638446503e+01
1.630000000000000000e+02,-7.507629265374355043e+01
1.632000000000000171e+02,-7.547769862645650107e+01
1.634000000000000057e+02,-7.523552950616839041e+01
1.636000000000000227e+02,-7.509384107303864653e+01
1.638000000000000114e+02,-7.538294581450240628e+01
1.640000000000000000e+02,-7.541279950749868988e+01
1.642000000000000171e+02,-7.528590473117326098e+01
1.644000000000000057e+02,-7.573338103041098179e+01
1.646000000000000227e+02,-7.517837715184944614e+01
1.648000000000000114e+02,-7.499053845366596249e+01
1.650000000000000000e+02,-7.530528709257791320e+01
1.652000000000000171e+02,-7.514324958212252170e+01
1.654000000000000057e+02,-7.504631003669527445e+01
1.656000000000000227e+02,-7.507872814676208861e+01
1.658000000000000114e+02,-7.526858403178357548e+01
1.660000000000000000e+02,-7.532335111527083882e+01
1.662000000000000171e+02,-7.496135229553345880e+01
1.664000000000000057e+02,-7.527662017947125150e+01
1.666000000000000227e+02,-7.532185213565308857e+01
1.668000000000000114e+02,-7.489228424486161373e+01
1.670000000000000000e+02,-7.516856115587870590e+01
1.672000000000000171e+02,-7.529545412831021167e+01
1.674000000000000057e+02,-7.505241504789400153e+01
1.676000000000000227e+02,-7.517834058758487004e+01
1.678000000000000114e+02,-7.488130932166077969e+01
1.680000000000000000e+02,-7.503965195128252219e+01
1.682000000000000171e+02,-7.531801868911398401e+01
1.684000000000000057e+02,-7.525612980938676344e+01
1.686000000000000227e+02,-7.552075702800478041e+01
1.688000000000000114e+02,-7.527822359837702493e+01
1.690000000000000000e+02,-7.536802848242251684e+01
1.692000000000000171e+02,-7.494739286546105461e+01
1.694000000000000057e+02,-7.538042574764341452e+01
1.696000000000000227e+02,-7.553437644512978011e+01
1.698000000000000114e+02,-7.551872668060273952e+01
1.700000000000000000e+02,-7.541530004749917282e+01
1.702000000000000171e+02,-7.496434269804963435e+01
1.704000000000000057e+02,-7.471230605339708575e+01
1.706000000000000227e+02,-7.563290998337895132e+01
1.708000000000000114e+02,-7.526489142088030349e+01
1.710000000000000000e+02,-7.451178298036568037e+01
1.712000000000000171e+02,-7.560572222013436772e+01
1.714000000000000057e+02,-7.560408057653326352e+01
1.716000000000000227e+02,-7.551361412993507827e+01
1.718000000000000114e+02,-7.517921343505355480e+01
1.720000000000000000e+02,-7.470059791706646024e+01
1.722000000000000171e+02,-7.527710124243098733e+01
1.724000000000000057e+02,-7.530921079694870457e+01
1.726000000000000227e+02,-7.579525163145592614e+01
1.728000000000000114e+02,-7.550449874989843124e+01
1.730000000000000000e+02,-7.569532093681614526e+01
1.732000000000000171e+02,-7.559177330243716142e+01
1.734000000000000057e+02,-7.497267305854970232e+01
1.736000000000000227e+02,-7.561275466400752521e+01
1.738000000000000114e+02,-7.455339882828661757e+01
1.740000000000000000e+02,-7.499464241464784209e+01
1.742000000000000171e+02,-7.511703926864691994e+01
1.744000000000000057e+02,-7.490336527584780413e+01
1.746000000000000227e+02,-7.520084474256955787e+01
1.748000000000000114e+02,-7.533787000337407846e+01
1.750000000000000000e+02,-7.548215278670689088e+01
1.752000000000000171e+02,-7.500104046285218828e+01
1.754000000000000057e+02,-7.550499043393774912e+01
1.756000000000000227e+02,-7.502359231180349752e+01
1.758000000000000114e+02,-7.523551730303445595e+01
1.760000000000000000e+02,-7.491688159383342338e+01
1.762000000000000171e+02,-7.516165527012206837e+01
1.764000000000000057e+02,-7.536727940282490579e+01
1.766000000000000227e+02,-7.514198281630571330e+01
1.768000000000000114e+02,-7.515845031907556972e+01
1.770000000000000000e+02,-7.490693249520931829e+01
1.772000000000000171e+02,-7.517067713354610703e+01
1.774000000000000057e+02,-7.532823218853982894e+01
1.776000000000000227e+02,-7.519628733794797881e+01
1.778000000000000114e+02,-7.534468119447917900e+01
1.780000000000000000e+02,-7.541432605337610084e+01
1.782000000000000171e+02,-7.550304083126376042e+01
1.784000000000000057e+02,-7.502846035615128528e+01
1.786000000000000227e+02,-7.511612824270672206e+01
1.788000000000000114e+02,-7.537884660452367314e+01
1.790000000000000000e+02,-7.542321315611066268e+01
1.792000000000000171e+02,-7.506843237719689910e+01
1.794000000000000057e+02,-7.518491327330653462e+01
1.796000000000000227e+02,-7.529000148918011348e+01
1.798000000000000114e+02,-7.513997735088091190e+01
1.800000000000000000e+02,-7.515179408883521717e+01
1.802000000000000171e+02,-7.521107002040677969e+01
1.804000000000000057e+02,-7.538971275381867088e+01
1.806000000000000227e+02,-7.549024658313817326e+01
1.808000000000000114e+02,-7.551871302767897021e+01
1.810000000000000000e+02,-7.488126521302702088e+01
1.812000000000000171e+02,-7.554913875849500471e+01
1.814000000000000057e+02,-7.568272593330178211e+01
1.816000000000000227e+02,-7.483773465094537869e+01
1.818000000000000114e+02,-7.537535394217144358e+01
1.820000000000000000e+02,-7.475346857787243948e+01
1.822000000000000171e+02,-7.508052945845749093e+01
1.824000000000000057e+02,-7.554089200284036565e+01
1.826000000000000227e+02,-7.515004325682377839e+01
1.828000000000000114e+02,-7.490620856694363283e+01
1.830000000000000000e+02,-7.531815363293317489e+01
1.832000000000000171e+02,-7.568728612255901567e+01
1.834000000000000057e+02,-7.521031905248412386e+01
1.836000000000000227e+02,-7.515025823812889882e+01
1.838000000000000114e+02,-7.479958256238607817e+01
1.840000000000000000e+02,-7.531850999635689448e+01
1.842000000000000171e+02,-7.532687064521513776e+01
1.844000000000000057e+02,-7.542338216124664996e+01
1.846000000000000227e+02,-7.481184320016667755e+01
1.848000000000000114e+02,-7.535060191540208052e+01
1.850000000000000000e+02,-7.470144747435486465e+01
1.852000000000000171e+02,-7.520871091025425415e+01
1.854000000000000057e+02,-7.513125724678445749e+01
1.856000000000000227e+02,-7.456464937140052029e+01
1.858000000000000114e+02,-7.517708085143141261e+01
1.860000000000000000e+02,-7.565120649290359722e+01
1.862000000000000171e+02,-7.495348980582529919e+01
1.864000000000000057e+02,-7.518622913383833861e+01
1.866000000000000227e+02,-7.519536901037950827e+01
1.868000000000000114e+02,-7.458929022692063882e+01
1.870000000000000000e+02,-7.506728673609052294e+01
1.872000000000000171e+02,-7.468245909955643924e+01
1.874000000000000057e+02,-7.556999998108746297e+01
1.876000000000000227e+02,-7.499682021142484700e+01
1.878000000000000114e+02,-7.499532111461047634e+01
1.880000000000000000e+02,-7.499604744498516595e+01
1.882000000000000171e+02,-7.518593950889396638e+01
1.884000000000000057e+02,-7.528269895872281836e+01
1.886000000000000227e+02,-7.506200011510472336e+01
1.888000000000000114e+02,-7.560565031663091418e+01
1.890000000000000000e+02,-7.542425936461090430e+01
1.892000000000000171e+02,-7.505802221746402836e+01
1.894000000000000057e+02,-7.515167933459696314e+01
1.896000000000000227e+02,-7.484496980847775660e+01
1.898000000000000114e+02,-7.490992336813039287e+01
1.900000000000000000e+02,-7.488994849614648786e+01
1.902000000000000171e+02,-7.539134068809880773e+01
1.904000000000000057e+02,-7.521374027455541977e+01
1.906000000000000227e+02,-7.518704377708148456e+01
1.908000000000000114e+02,-7.518736587599144627e+01
1.910000000000000000e+02,-7.560036751734131144e+01
1.912000000000000171e+02,-7.517261250777174553e+01
1.914000000000000057e+02,-7.512233523868397356e+01
1.916000000000000227e+02,-7.519649652636175574e+01
1.918000000000000114e+02,-7.519832991852072723e+01
1.920000000000000000e+02,-7.546821444570760207e+01
1.922000000000000171e+02,-7.531709120390434009e+01
1.924000000000000057e+02,-7.492856525234684284e+01
1.926000000000000227e+02,-7.506668587731726916e+01
1.928000000000000114e+02,-7.503427090696104074e+01
1.930000000000000000e+02,-7.542202124356749948e+01
1.932000000000000171e+02,-7.506456420128510842e+01
1.934000000000000057e+02,-7.538525688078850351e+01
1.936000000000000227e+02,-7.512216180724996661e+01
1.938000000000000114e+02,-7.577701864674381227e+01
1.940000000000000000e+02,-7.540740654205396254e+01
1.942000000000000171e+02,-7.527339942222955926e+01
1.944000000000000057e+02,-7.477697169232065733e+01
1.946000000000000227e+02,-7.500864415629273196e+01
1.948000000000000114e+02,-7.511186436834157121e+01
1.950000000000000000e+02,-7.511444771516892160e+01
1.952000000000000171e+02,-7.505385102031949884e+01
1.954000000000000057e+02,-7.492038831431759149e+01
1.956000000000000227e+02,-7.526511366753723564e+01
1.958000000000000114e+02,-7.485500004742340252e+01
1.960000000000000000e+02,-7.532747882795658256e+01
1.962000000000000171e+02,-7.535751766697946152e+01
1.964000000000000057e+02,-7.562173205243647089e+01
1.966000000000000227e+02,-7.543218043336129597e+01
1.968000000000000114e+02,-7.554394508998244362e+01
1.970000000000000000e+02,-7.518073874472884199e+01
1.972000000000000171e+02,-7.518306664225688962e+01
1.974000000000000057e+02,-7.519604412468503085e+01
1.976000000000000227e+02,-7.535769416732986770e+01
1.978000000000000114e+02,-7.526214337606306515e+01
1.980000000000000000e+02,-7.522472516322915226e+01
1.982000000000000171e+02,-7.555570854510155243e+01
1.984000000000000057e+02,-7.502708583381797780e+01
1.986000000000000227e+02,-7.561483469438813643e+01
1.988000000000000114e+02,-7.544469690028253694e+01
1.990000000000000000e+02,-7.548754552616048841e+01
1.992000000000000171e+02,-7.560396088641138590e+01
1.994000000000000057e+02,-7.525295458510282742e+01
1.996000000000000227e+02,-7.560528152924464962e+01
1.998000000000000114e+02,-7.473204370982018929e+01
2.000000000000000000e+02,-7.473616238463368688e+01
2.002000000000000171e+02,-7.542753284445500128e+01
2.004000000000000057e+02,-7.500503607154641372e+01
2.006000000000000227e+02,-7.521982729178125737e+01
2.008000000000000114e+02,-7.508522583342504220e+01
2.010000000000000000e+02,-7.520411826832416580e+01
2.012000000000000171e+02,-7.501297348957952238e+01
2.014000000000000057e+02,-7.526576921974631773e+01
2.016000000000000227e+02,-7.526923845921507450e+01
2.018000000000000114e+02,-7.570330658813503533e+01
2.020000000000000000e+02,-7.521419520741113729e+01
2.022000000000000171e+02,-7.501702019549706790e+01
2.024000000000000057e+02,-7.527539569150386001e+01
2.026000000000000227e+02,-7.565700780236041112e+01
2.028000000000000114e+02,-7.540456727380025370e+01
2.030000000000000000e+02,-7.480100698261607306e+01
2.032000000000000171e+02,-7.532005391185396093e+01
2.034000000000000057e+02,-7.562472889147159094e+01
2.036000000000000227e+02,-7.518360683342822881e+01
2.038000000000000114e+02,-7.516390092564209624e+01
2.040000000000000000e+02,-7.511704450061144200e+01
2.042000000000000171e+02,-7.533572120645428072e+01
2.044000000000000057e+02,-7.446540629973588921e+01
2.046000000000000227e+02,-7.525141789994148667e+01
2.048000000000000114e+02,-7.536202590539906510e+01
2.050000000000000000e+02,-7.541626903912511182e+01
2.052000000000000171e+02,-7.547637203523133564e+01
2.054000000000000057e+02,-7.516938282206552913e+01
2.056000000000000227e+02,-7.544306380650206734e+01
2.058000000000000114e+02,-7.536027799038105002e+01
2.060000000000000000e+02,-7.547176938437597471e+01
2.062000000000000171e+02,-7.537950939612714762e+01
2.064000000000000057e+02,-7.542188068518774458e+01
2.066000000000000227e+02,-7.526259970113561337e+01
2.068000000000000114e+02,-7.539985025365047022e+01
2.070000000000000000e+02,-7.520771319638998875e+01
2.072000000000000171e+02,-7.551766344041639911e+01
2.074000000000000057e+02,-7.508686509341960402e+01
2.076000000000000227e+02,-7.530986420529220027e+01
2.078000000000000114e+02,-7.533270905182078536e+01
2.080000000000000000e+02,-7.479465353215275059e+01
2.082000000000000171e+02,-7.493422171449761038e+01
2.084000000000000057e+02,-7.490642911856362218e+01
2.086000000000000227e+02,-7.545103627312842320e+01
2.088000000000000114e+02,-7.577999185975511409e+01
2.090000000000000000e+02,-7.506794517529657185e+01
2.092000000000000171e+02,-7.509348387900918453e+01
2.094000000000000057e+02,-7.508846335624089363e+01
2.096000000000000227e+02,-7.526999747794793905e+01
2.098000000000000114e+02,-7.522359362607916466e+01
2.100000000000000000e+02,-7.534451918433218509e+01
2.102000000000000171e+02,-7.516906266637694500e+01
2.104000000000000057e+02,-7.531065125731437604e+01
2.106000000000000227e+02,-7.511915697931273428e+01
2.108000000000000114e+02,-7.491323317546785177e+01
2.110000000000000000e+02,-7.519670699717012496e+01
2.112000000000000171e+02,-7.517667254048815551e+01
2.114000000000000057e+02,-7.552751138224049043e+01
2.116000000000000227e+02,-7.531985422464744317e+01
2.118000000000000114e+02,-7.538136781633809846e+01
2.120000000000000000e+02,-7.532246708792118284e+01
2.122000000000000171e+02,-7.524459970942619691e+01
2.124000000000000057e+02,-7.506384181333950778e+01
2.126000000000000227e+02,-7.531288401807083233e+01
2.128000000000000114e+02,-7.523875393242892073e+01
2.130000000000000000e+02,-7.558684714821951900e+01
2.132000000000000171e+02,-7.534612745374303699e+01
2.134000000000000057e+02,-7.527962737549445649e+01
2.136000000000000227e+02,-7.570697788869185274e+01
2.138000000000000114e+02,-7.492509592653553341e+01
2.140000000000000000e+02,-7.518401170692585822e+01
2.142000000000000171e+02,-7.493861234222482892e+01
2.144000000000000057e+02,-7.518593752954160436e+01
2.146000000000000227e+02,-7.527982254022899156e+01
2.148000000000000114e+02,-7.542127802701035932e+01
2.150000000000000000e+02,-7.504740571415462114e+01
2.152000000000000171e+02,-7.495284482608914800e+01
2.154000000000000057e+02,-7.498806092478892538e+01
2.156000000000000227e+02,-7.523153139558783664e+01
2.158000000000000114e+02,-7.535630784207543797e+01
2.160000000000000000e+02,-7.508497303055010264e+01
2.162000000000000171e+02,-7.535401601411673767e+01
2.164000000000000057e+02,-7.499289012685561318e+01
2.166000000000000227e+02,-7.514209882016446329e+01
2.168000000000000114e+02,-7.531467880950492599e+01
2.170000000000000000e+02,-7.516263414184584235e+01
2.172000000000000171e+02,-7.489588306164857556e+01
2.174000000000000057e+02,-7.540017394789069272e+01
2.176000000000000227e+02,-7.497435756111040916e+01
2.178000000000000114e+02,-7.501244783794845716e+01
2.180000000000000000e+02,-7.556760422531583288e+01
2.182000000000000171e+02,-7.513338659617727444e+01
2.184000000000000057e+02,-7.546108450940766943e+01
2.186000000000000227e+02,-7.519310417503069743e+01
2.188000000000000114e+02,-7.545613027420543517e+01
2.190000000000000000e+02,-7.507955811538346325e+01
2.192000000000000171e+02,-7.555135292100639788e+01
2.194000000000000057e+02,-7.460440365932956297e+01
2.196000000000000227e+02,-7.493691632443062645e+01
2.198000000000000114e+02,-7.497936914387381080e+01
2.200000000000000000e+02,-7.629110051369457324e+01
2.202000000000000171e+02,-7.547171159847685828e+01
2.204000000000000057e+02,-7.543608625405434509e+01
2.206000000000000227e+02,-7.548904840843904651e+01
2.208000000000000114e+02,-7.508328455410571678e+01
2.210000000000000000e+02,-7.518686646500482595e+01
2.212000000000000171e+02,-7.469187907734578857e+01
2.214000000000000057e+02,-7.518611950068527960e+01
2.216000000000000227e+02,-7.508037804295526030e+01
2.218000000000000114e+02,-7.511865890893882636e+01
2.220000000000000000e+02,-7.560654536016558325e+01
2.222000000000000171e+02,-7.497015798683845844e+01
2.224000000000000057e+02,-7.600679988127615161e+01
2.226000000000000227e+02,-7.534360071513248158e+01
2.228000000000000114e+02,-7.564961412311838274e+01
2.230000000000000000e+02,-7.531999363460960240e+01
2.232000000000000171e+02,-7.522405010900503441e+01
2.234000000000000057e+02,-7.499935373835872099e+01
2.236000000000000227e+02,-7.503106887260678093e+01
2.238000000000000114e+02,-7.477640408532070637e+01
2.240000000000000000e+02,-7.503144406620597806e+01
2.242000000000000171e+02,-7.519146967365692547e+01
2.244000000000000057e+02,-7.500081166181689696e+01
2.246000000000000227e+02,-7.537891055793483019e+01
2.248000000000000114e+02,-7.579163965175744977e+01
2.250000000000000000e+02,-7.546216440779977574e+01
2.252000000000000171e+02,-7.542690828717498164e+01
2.254000000000000057e+02,-7.481433094459781330e+01
2.256000000000000227e+02,-7.560368865014946493e+01
2.258000000000000114e+02,-7.561075795427726121e+01
2.260000000000000000e+02,-7.564951668139569563e+01
2.262000000000000171e+02,-7.480462404148151734e+01
2.264000000000000057e+02,-7.549150032887661155e+01
2.266000000000000227e+02,-7.538327954134884124e+01
2.268000000000000114e+02,-7.516990789435746478e+01
2.270000000000000000e+02,-7.543770526057650727e+01
2.272000000000000171e+02,-7.486169896814620017e+01
2.274000000000000057e+02,-7.490167508725690482e+01
2.276000000000000227e+02,-7.578266110408101497e+01
2.278000000000000114e+02,-7.511863230159032412e+01
2.280000000000000000e+02,-7.471817775895941338e+01
2.282000000000000171e+02,-7.512735268666972388e+01
2.284000000000000057e+02,-7.534778988445121684e+01
2.286000000000000227e+02,-7.558959890372614154e+01
2.288000000000000114e+02,-7.508315413751083156e+01
2.290000000000000000e+02,-7.487990526409143399e+01
2.292000000000000171e+02,-7.552635151616341602e+01
2.294000000000000057e+02,-7.532666208289256815e+01
2.296000000000000227e+02,-7.494778431155235410e+01
2.298000000000000114e+02,-7.521663921510641160e+01
2.300000000000000000e+02,-7.544843575236771471e+01
2.302000000000000171e+02,-7.491831937838861677e+01
2.304000000000000057e+02,-7.532680478762739540e+01
2.306000000000000227e+02,-7.529946703156286958e+01
2.308000000000000114e+02,-7.506631493890273532e+01
2.310000000000000000e+02,-7.466078823154384736e+01
2.312000000000000171e+02,-7.532267869574280894e+01
2.314000000000000057e+02,-7.559621101956963685e+01
2.316000000000000227e+02,-7.552302629322362293e+01
2.318000000000000114e+02,-7.526477062061762524e+01
2.320000000000000000e+02,-7.531686912883837692e+01
2.322000000000000171e+02,-7.497420813989293720e+01
2.324000000000000057e+02,-7.548929825249619796e+01
2.326000000000000227e+02,-7.531633080888764198e+01
2.328000000000000114e+02,-7.562769505542354409e+01
2.330000000000000000e+02,-7.495300889753374918e+01
2.332000000000000171e+02,-7.498099029456410847e+01
2.334000000000000057e+02,-7.502239851829506279e+01
2.336000000000000227e+02,-7.469610354213949677e+01
2.338000000000000114e+02,-7.509252667702804729e+01
2.340000000000000000e+02,-7.539268177182125896e+01
2.342000000000000171e+02,-7.584395012904690248e+01
2.344000000000000057e+02,-7.529061218731874305e+01
2.346000000000000227e+02,-7.523858910731938465e+01
2.348000000000000114e+02,-7.558023766099942975e+01
2.350000000000000000e+02,-7.487261732387148072e+01
2.352000000000000171e+02,-7.477688621874254693e+01
2.354000000000000057e+02,-7.517459828757363027e+01
2.356000000000000227e+02,-7.466608782198541405e+01
2.358000000000000114e+02,-7.521358712003150515e+01
2.360000000000000000e+02,-7.557753629873462842e+01
2.362000000000000171e+02,-7.501179301867846050e+01
2.364000000000000057e+02,-7.503445773427942811e+01
2.366000000000000227e+02,-7.496178275856483708e+01
2.368000000000000114e+02,-7.529874264530411665e+01
2.370000000000000000e+02,-7.533707143074383339e+01
2.372000000000000171e+02,-7.497660731472106477e+01
2.374000000000000057e+02,-7.492721320504415417e+01
2.376000000000000227e+02,-7.484851413020595601e+01
2.378000000000000114e+02,-7.518974946413105442e+01
2.380000000000000000e+02,-7.559903526723977052e+01
2.382000000000000171e+02,-7.515473367728571930e+01
2.384000000000000057e+02,-7.538604363607396408e+01
2.386000000000000227e+02,-7.521363337644977776e+01
2.388000000000000114e+02,-7.489297089152459819e+01
2.390000000000000000e+02,-7.518206356301547544e+01
2.392000000000000171e+02,-7.510100897646330509e+01
2.394000000000000057e+02,-7.475427006127688401e+01
2.396000000000000227e+02,-7.540301605743303526e+01
2.398000000000000114e+02,-7.575193802065621185e+01
2.400000000000000000e+02,-7.544243878931321490e+01
2.402000000000000171e+02,-7.520472272861242402e+01
2.404000000000000057e+02,-7.473956111905846456e+01
2.406000000000000227e+02,-7.477893327006428592e+01
2.408000000000000114e+02,-7.536743520233142135e+01
2.410000000000000000e+02,-7.545194977566130490e+01
2.412000000000000171e+02,-7.503797436205979920e+01
2.414000000000000057e+02,-7.521540204563235932e+01
2.416000000000000227e+02,-7.520602286521186386e+01
2.418000000000000114e+02,-7.534010258710763708e+01
2.420000000000000000e+02,-7.490805024920312860e+01
2.422000000000000171e+02,-7.539036967730680772e+01
2.424000000000000057e+02,-7.520556672388974562e+01
2.426000000000000227e+02,-7.545959900217522431e+01
2.428000000000000114e+02,-7.513006170691551233e+01
2.430000000000000000e+02,-7.525843441390360056e+01
2.432000000000000171e+02,-7.520810301296899070e+01
2.434000000000000057e+02,-7.492365175843434599e+01
2.436000000000000227e+02,-7.513114007063276745e+01
2.438000000000000114e+02,-7.505145860876636732e+01
2.440000000000000000e+02,-7.487198288976426852e+01
2.442000000000000171e+02,-7.526589772024394165e+01
2.444000000000000057e+02,-7.510103989317511264e+01
2.446000000000000227e+02,-7.508798735543196301e+01
2.448000000000000114e+02,-7.530554974431767334e+01
2.450000000000000000e+02,-7.548827801874567456e+01
2.452000000000000171e+02,-7.538191456191148632e+01
2.454000000000000057e+02,-7.527222723153677464e+01
2.456000000000000227e+02,-7.458134026135535066e+01
2.458000000000000114e+02,-7.507713184225714542e+01
2.460000000000000000e+02,-7.561274999191270751e+01
2.462000000000000171e+02,-7.507260887370645719e+01
2.464000000000000057e+02,-7.493341040106655271e+01
2.466000000000000227e+02,-7.491859095606217522e+01
2.468000000000000114e+02,-7.546974628764164095e+01
2.470000000000000000e+02,-7.515593373080186268e+01
2.472000000000000171e+02,-7.529399029885327366e+01
2.474000000000000057e+02,-7.510921621733096742e+01
2.476000000000000227e+02,-7.506220441058093229e+01
2.478000000000000114e+02,-7.540478811748781141e+01
2.480000000000000000e+02,-7.522623418355904334e+01
2.482000000000000171e+02,-7.490059376111773304e+01
2.484000000000000057e+02,-7.529742296411419034e+01
2.486000000000000227e+02,-7.536821671353094132e+01
2.488000000000000114e+02,-7.537113175114824060e+01
2.490000000000000000e+02,-7.474080443933033280e+01
2.492000000000000171e+02,-7.545666122373508244e+01
2.494000000000000057e+02,-7.550244153796542435e+01
2.496000000000000227e+02,-7.525638192166626084e+01
2.498000000000000114e+02,-7.547824114192800948e+01
2.500000000000000000e+02,-7.479001883873743850e+01
2.502000000000000171e+02,-7.521704029169495698e+01
2.504000000000000057e+02,-7.553280317702569846e+01
2.506000000000000227e+02,-7.520513634292984761e+01
2.508000000000000114e+02,-7.488667762545621542e+01
2.510000000000000000e+02,-7.547804524347066035e+01
2.512000000000000171e+02,-7.508853755423744758e+01
2.514000000000000057e+02,-7.481616978987848654e+01
2.516000000000000227e+02,-7.502830105925254145e+01
2.518000000000000114e+02,-7.535321539882731656e+01
2.520000000000000000e+02,-7.557341151735697338e+01
2.522000000000000171e+02,-7.547054337620592435e+01
2.524000000000000057e+02,-7.540964064403569012e+01
2.526000000000000227e+02,-7.569893374257003416e+01
2.528000000000000114e+02,-7.527423352794984623e+01
2.530000000000000000e+02,-7.506117695136920531e+01
2.532000000000000171e+02,-7.543289952748730798e+01
2.534000000000000057e+02,-7.513950601045058875e+01
2.536000000000000227e+02,-7.503393737844433531e+01
2.538000000000000114e+02,-7.548511205645233701e+01
2.540000000000000000e+02,-7.513356575385007829e+01
2.542000000000000171e+02,-7.555329349015185869e+01
2.544000000000000057e+02,-7.532516497508190412e+01
2.546000000000000227e+02,-7.483040842036699303e+01
2.548000000000000114e+02,-7.521040174149254653e+01
2.550000000000000000e+02,-7.570896048458730831e+01
2.552000000000000171e+02,-7.527152912337656687e+01
2.554000000000000057e+02,-7.516036749851487286e+01
2.556000000000000227e+02,-7.549681223770919303e+01
2.558000000000000114e+02,-7.522969172069308286e+01
2.560000000000000000e+02,-7.512592121735507078e+01
2.561999999999999886e+02,-7.534363551412354809e+01
2.564000000000000341e+02,-7.530701059778471063e+01
2.566000000000000227e+02,-7.534056396293144076e+01
2.568000000000000114e+02,-7.529400663545061434e+01
2.570000000000000000e+02,-7.513314396239678672e+01
2.571999999999999886e+02,-7.485353769708864036e+01
2.574000000000000341e+02,-7.537482731310511497e+01
2.576000000000000227e+02,-7.515515036031511897e+01
2.578000000000000114e+02,-7.524282124394103732e+01
2.580000000000000000e+02,-7.520269378113358982e+01
2.581999999999999886e+02,-7.532486977853014309e+01
2.584000000000000341e+02,-7.504881735067434079e+01
2.586000000000000227e+02,-7.535160241592519981e+01
2.588000000000000114e+02,-7.520001791436037308e+01
2.590000000000000000e+02,-7.521170226515893376e+01
2.591999999999999886e+02,-7.560310592055425616e+01
2.594000000000000341e+02,-7.519781665602990017e+01
2.596000000000000227e+02,-7.554104597232628748e+01
2.598000000000000114e+02,-7.566826865112415135e+01
2.600000000000000000e+02,-7.505019004960264795e+01
2.601999999999999886e+02,-7.532328277605309097e+01
2.604000000000000341e+02,-7.508822293117800939e+01
2.606000000000000227e+02,-7.560014797309796108e+01
2.608000000000000114e+02,-7.553483159033051209e+01
2.610000000000000000e+02,-7.452443986219140015e+01
2.611999999999999886e+02,-7.499988994390604091e+01
2.614000000000000341e+02,-7.498706026102415478e+01
2.616000000000000227e+02,-7.497633269786423682e+01
2.618000000000000114e+02,-7.571013485956814293e+01
2.620000000000000000e+02,-7.521506711572419590e+01
2.621999999999999886e+02,-7.521122325430941657e+01
2.624000000000000341e+02,-7.551068354584161568e+01
2.626000000000000227e+02,-7.516929224238378993e+01
2.628000000000000114e+02,-7.545830137218332823e+01
2.630000000000000000e+02,-7.540417467219968728e+01
2.631999999999999886e+02,-7.528162079135698548e+01
2.634000000000000341e+02,-7.513085084025996707e+01
2.636000000000000227e+02,-7.550846169520600881e+01
2.638000000000000114e+02,-7.533875232520183829e+01
2.640000000000000000e+02,-7.469283005546198240e+01
2.641999999999999886e+02,-7.528208524485283704e+01
2.644000000000000341e+02,-7.520336116549388805e+01
2.646000000000000227e+02,-7.526722279975524543e+01
2.648000000000000114e+02,-7.513161519129992882e+01
2.650000000000000000e+02,-7.553099830302581097e+01
2.651999999999999886e+02,-7.503573637199698965e+01
2.654000000000000341e+02,-7.517491190870926232e+01
2.656000000000000227e+02,-7.512822464185330773e+01
2.658000000000000114e+02,-7.491216377145146055e+01
2.660000000000000000e+02,-7.535811229531186939e+01
2.661999999999999886e+02,-7.495627682073235576e+01
2.664000000000000341e+02,-7.537700217081965093e+01
2.666000000000000227e+02,-7.525536046733927265e+01
2.668000000000000114e+02,-7.512051688684402961e+01
2.670000000000000000e+02,-7.492817203742826848e+01
2.671999999999999886e+02,-7.554621234507817462e+01
2.674000000000000341e+02,-7.546589847188877798e+01
2.676000000000000227e+02,-7.514371469131184256e+01
2.678000000000000114e+02,-7.533871358612984181e+01
2.680000000000000000e+02,-7.502452900169207339e+01
2.681999999999999886e+02,-7.536146102393317392e+01
2.684000000000000341e+02,-7.565944906750220866e+01
2.686000000000000227e+02,-7.507916525768256122e+01
2.688000000000000114e+02,-7.542472908816611721e+01
2.690000000000000000e+02,-7.526883256881730233e+01
2.691999999999999886e+02,-7.553283549058492952e+01
2.694000000000000341e+02,-7.546565331857753733e+01
2.696000000000000227e+02,-7.545423842607479514e+01
2.698000000000000114e+02,-7.531136108411979535e+01
2.700000000000000000e+02,-7.549571291068588152e+01
2.701999999999999886e+02,-7.504879076138672644e+01
2.704000000000000341e+02,-7.520112151674126721e+01
2.706000000000000227e+02,-7.524713399878449138e+01
2.708000000000000114e+02,-7.537126755233602182e+01
2.710000000000000000e+02,-7.554388178927941055e+01
2.711999999999999886e+02,-7.522493428266815840e+01
2.714000000000000341e+02,-7.508379590811929916e+01
2.716000000000000227e+02,-7.522152846969564166e+01
2.718000000000000114e+02,-7.532883098433529767e+01
2.720000000000000000e+02,-7.523130583933485127e+01
2.721999999999999886e+02,-7.515420862953924086e+01
2.724000000000000341e+02,-7.536352518905397346e+01
2.726000000000000227e+02,-7.563633966954358812e+01
2.728000000000000114e+02,-7.489108946998815952e+01
2.730000000000000000e+02,-7.478336500054116698e+01
2.731999999999999886e+02,-7.565289501275803730e+01
2.734000000000000341e+02,-7.519438472489314051e+01
2.736000000000000227e+02,-7.521855976937277433e+01
2.738000000000000114e+02,-7.532723043338420155e+01
2.740000000000000000e+02,-7.480673273058013706e+01
2.741999999999999886e+02,-7.545366250358337368e+01
2.744000000000000341e+02,-7.512622070349434011e+01
2.746000000000000227e+02,-7.505246754506374884e+01
2.748000000000000114e+02,-7.541131118481858664e+01
2.750000000000000000e+02,-7.508092810854400057e+01
2.751999999999999886e+02,-7.535196133403148622e+01
2.754000000000000341e+02,-7.500515071235882658e+01
2.756000000000000227e+02,-7.482627653965066372e+01
2.758000000000000114e+02,-7.545735958480946692e+01
2.760000000000000000e+02,-7.476752337756269640e+01
2.761999999999999886e+02,-7.590420580681518459e+01
2.764000000000000341e+02,-7.491047198768764304e+01
2.766000000000000227e+02,-7.490327917456198747e+01
2.768000000000000114e+02,-7.517431153670149513e+01
2.770000000000000000e+02,-7.526046225635157327e+01
2.771999999999999886e+02,-7.545118649011784839e+01
2.774000000000000341e+02,-7.525981891567258231e+01
2.776000000000000227e+02,-7.498058483121637607e+01
2.778000000000000114e+02,-7.541049635112682381e+01
2.780000000000000000e+02,-7.542823718964343982e+01
2.781999999999999886e+02,-7.577230408974604359e+01
2.784000000000000341e+02,-7.523958991844540378e+01
2.786000000000000227e+02,-7.530086328550609664e+01
2.788000000000000114e+02,-7.550130376760159834e+01
2.790000000000000000e+02,-7.528850656036667033e+01
2.791999999999999886e+02,-7.509063098895991573e+01
2.794000000000000341e+02,-7.538740366799436288e+01
2.796000000000000227e+02,-7.538069832183732899e+01
2.798000000000000114e+02,-7.502326896987690930e+01
2.800000000000000000e+02,-7.508352650934918415e+01
2.801999999999999886e+02,-7.492432542990808031e+01
2.804000000000000341e+02,-7.526456644812411412e+01
2.806000000000000227e+02,-7.517457723595616415e+01
2.808000000000000114e+02,-7.521012812807001069e+01
2.810000000000000000e+02,-7.523231589660417740e+01
2.811999999999999886e+02,-7.507515566629561476e+01
2.814000000000000341e+02,-7.535787392331367585e+01
2.816000000000000227e+02,-7.496073838103792752e+01
2.818000000000000114e+02,-7.551078572918713405e+01
2.820000000000000000e+02,-7.514754101552382792e+01
2.821999999999999886e+02,-7.496885258783848371e+01
2.824000000000000341e+02,-7.510616698041980044e+01
2.826000000000000227e+02,-7.553819693046312977e+01
2.828000000000000114e+02,-7.531645983336682093e+01
2.830000000000000000e+02,-7.537615347854709569e+01
2.831999999999999886e+02,-7.553172288651083477e+01
2.834000000000000341e+02,-7.493147371672294810e+01
2.836000000000000227e+02,-7.555883929196590998e+01
2.838000000000000114e+02,-7.493414063928072721e+01
2.840000000000000000e+02,-7.557122550311865439e+01
2.841999999999999886e+02,-7.528114621998997791e+01
2.844000000000000341e+02,-7.485525987950636306e+01
2.846000000000000227e+02,-7.511073477515064667e+01
2.848000000000000114e+02,-7.480967694755315733e+01
2.850000000000000000e+02,-7.531745012917086513e+01
2.851999999999999886e+02,-7.496781099522776515e+01
2.854000000000000341e+02,-7.493077308537989722e+01
2.856000000000000227e+02,-7.528874747516023547e+01
2.858000000000000114e+02,-7.541961249373864007e+01
2.860000000000000000e+02,-7.539659422165524916e+01
2.861999999999999886e+02,-7.526621972317943232e+01
2.864000000000000341e+02,-7.532233862552770631e+01
2.866000000000000227e+02,-7.533398920452484049e+01
2.868000000000000114e+02,-7.537665866346290500e+01
2.870000000000000000e+02,-7.513098219802306232e+01
2.871999999999999886e+02,-7.536180875928479850e+01
2.874000000000000341e+02,-7.534177841748264370e+01
2.876000000000000227e+02,-7.520944429698251099e+01
2.878000000000000114e+02,-7.524208742269760819e+01
2.880000000000000000e+02,-7.524139934023033049e+01
2.881999999999999886e+02,-7.568203360446231898e+01
2.884000000000000341e+02,-7.532922686873796181e+01
2.886000000000000227e+02,-7.556562305166465876e+01
2.888000000000000114e+02,-7.550765366141799007e+01
2.890000000000000000e+02,-7.493464892691829959e+01
2.891999999999999886e+02,-7.543327182179659474e+01
2.894000000000000341e+02,-7.526793294068316698e+01
2.896000000000000227e+02,-7.507901355590141179e+01
2.898000000000000114e+02,-7.496365675681595064e+01
2.900000000000000000e+02,-7.518903563413266511e+01
2.901999999999999886e+02,-7.564085116367789396e+01
2.904000000000000341e+02,-7.521326616308800794e+01
2.906000000000000227e+02,-7.523287407824830098e+01
2.908000000000000114e+02,-7.546781773351204947e+01
2.910000000000000000e+02,-7.588069936802004634e+01
2.911999999999999886e+02,-7.523538168433053386e+01
2.914000000000000341e+02,-7.520550493941001946e+01
2.916000000000000227e+02,-7.529304443573937533e+01
2.918000000000000114e+02,-7.508206554131891153e+01
2.920000000000000000e+02,-7.567628164557291370e+01
2.921999999999999886e+02,-7.507671690742940029e+01
2.924000000000000341e+02,-7.529767648304292038e+01
2.926000000000000227e+02,-7.522659433036962184e+01
2.928000000000000114e+02,-7.519563411286698340e+01
2.930000000000000000e+02,-7.468918430582873214e+01
2.931999999999999886e+02,-7.497830790712626481e+01
2.934000000000000341e+02,-7.530684418371203037e+01
2.936000000000000227e+02,-7.484907343433043536e+01
2.938000000000000114e+02,-7.490016858401195066e+01
2.940000000000000000e+02,-7.526619936156166091e+01
2.941999999999999886e+02,-7.496994814154210474e+01
2.944000000000000341e+02,-7.479630290432788797e+01
2.946000000000000227e+02,-7.560878716252999254e+01
2.948000000000000114e+02,-7.510681685141807407e+01
2.950000000000000000e+02,-7.522864809160807908e+01
2.951999999999999886e+02,-7.520770738236605268e+01
2.954000000000000341e+02,-7.507179485681164977e+01
2.956000000000000227e+02,-7.498335300921387159e+01
2.958000000000000114e+02,-7.493423129085071821e+01
2.960000000000000000e+02,-7.478065875405702911e+01
2.961999999999999886e+02,-7.527522137439427752e+01
2.964000000000000341e+02,-7.534016899791762967e+01
2.966000000000000227e+02,-7.455616667297599065e+01
2.968000000000000114e+02,-7.451612467497051284e+01
2.970000000000000000e+02,-7.519031942194223461e+01
2.971999999999999886e+02,-7.502194521364106095e+01
2.974000000000000341e+02,-7.546746459008483043e+01
2.976000000000000227e+02,-7.495843785287515004e+01
2.978000000000000114e+02,-7.572701398297090236e+01
2.980000000000000000e+02,-7.516043315294952265e+01
2.981999999999999886e+02,-7.524427389935874544e+01
2.984000000000000341e+02,-7.545576998938391000e+01
2.986000000000000227e+02,-7.505055325456989124e+01
2.988000000000000114e+02,-7.524361986666696112e+01
2.990000000000000000e+02,-7.502716030254057955e+01
2.991999999999999886e+02,-7.517169295418555919e+01
2.994000000000000341e+02,-7.468790232946254548e+01
2.996000000000000227e+02,-7.522936028075925208e+01
2.998000000000000114e+02,-7.542765493481033445e+01
3.000000000000000000e+02,-7.517549558607545634e+01
3.001999999999999886e+02,-7.551755296376467186e+01
3.004000000000000341e+02,-7.511910307575841728e+01
3.006000000000000227e+02,-7.530457015937865606e+01
3.008000000000000114e+02,-7.574139333879034552e+01
3.010000000000000000e+02,-7.500788185744684711e+01
3.011999999999999886e+02,-7.492837243919625223e+01
3.014000000000000341e+02,-7.536943947075904759e+01
3.016000000000000227e+02,-7.551218148980163392e+01
3.018000000000000114e+02,-7.535584798243465343e+01
3.020000000000000000e+02,-7.498028627674005975e+01
3.021999999999999886e+02,-7.505610884680653783e+01
3.024000000000000341e+02,-7.515054232938263112e+01
3.026000000000000227e+02,-7.516775133705446876e+01
3.028000000000000114e+02,-7.521759889887039208e+01
3.030000000000000000e+02,-7.537792828865234185e+01
3.031999999999999886e+02,-7.540383175254352466e+01
3.034000000000000341e+02,-7.501678394280588691e+01
3.036000000000000227e+02,-7.547305535714599500e+01
3.038000000000000114e+02,-7.517869304971840450e+01
3.040000000000000000e+02,-7.576907608707020358e+01
3.041999999999999886e+02,-7.553351546957009077e+01
3.044000000000000341e+02,-7.512155770374968711e+01
3.046000000000000227e+02,-7.549945732375338991e+01
3.048000000000000114e+02,-7.525758466876359876e+01
3.050000000000000000e+02,-7.516260124565282297e+01
3.051999999999999886e+02,-7.550846280801829380e+01
3.054000000000000341e+02,-7.561757741863826254e+01
3.056000000000000227e+02,-7.543106234471127891e+01
3.058000000000000114e+02,-7.560494057129294276e+01
3.060000000000000000e+02,-7.515292130531221915e+01
3.061999999999999886e+02,-7.540605661344127952e+01
3.064000000000000341e+02,-7.514755859228887402e+01
3.066000000000000227e+02,-7.535019068698152012e+01
3.068000000000000114e+02,-7.534874299615448479e+01
3.070000000000000000e+02,-7.531456005976083645e+01
3.072000000000000455e+02,-7.541120869993849851e+01
3.074000000000000341e+02,-7.545502494343817546e+01
3.076000000000000227e+02,-7.476017357295727095e+01
3.078000000000000114e+02,-7.487549150458838199e+01
3.080000000000000000e+02,-7.481110259442796462e+01
3.082000000000000455e+02,-7.508719037178728684e+01
3.084000000000000341e+02,-7.519527361318192504e+01
3.086000000000000227e+02,-7.557171138617364647e+01
3.088000000000000114e+02,-7.461638376601580092e+01
3.090000000000000000e+02,-7.500267410721832562e+01
3.092000000000000455e+02,-7.498365386831875412e+01
3.094000000000000341e+02,-7.494460000512049191e+01
3.096000000000000227e+02,-7.546886985284810123e+01
3.098000000000000114e+02,-7.528872595577351490e+01
3.100000000000000000e+02,-7.519505331601293108e+01
3.102000000000000455e+02,-7.521643745953269899e+01
3.104000000000000341e+02,-7.486110580492683653e+01
3.106000000000000227e+02,-7.548426199346548060e+01
3.108000000000000114e+02,-7.509821931305442888e+01
3.110000000000000000e+02,-7.539546529326473490e+01
3.112000000000000455e+02,-7.535095997875740181e+01
3.114000000000000341e+02,-7.502678376048072550e+01
3.116000000000000227e+02,-7.492736197511504770e+01
3.118000000000000114e+02,-7.531749695846018255e+01
3.120000000000000000e+02,-7.514771568906913046e+01
3.122000000000000455e+02,-7.532311813596756167e+01
3.124000000000000341e+02,-7.522508703480835379e+01
3.126000000000000227e+02,-7.516540851649020283e+01
3.128000000000000114e+02,-7.532029456765245357e+01
3.130000000000000000e+02,-7.527203349578459779e+01
3.132000000000000455e+02,-7.507014217112370602e+01
3.134000000000000341e+02,-7.483628225346919294e+01
3.136000000000000227e+02,-7.514170919106871338e+01
3.138000000000000114e+02,-7.513864744240960647e+01
3.140000000000000000e+02,-7.523100897505665330e+01
3.142000000000000455e+02,-7.497326420714887263e+01
3.144000000000000341e+02,-7.508206456330391632e+01
3.146000000000000227e+02,-7.538409923766228360e+01
3.148000000000000114e+02,-7.541835601845878045e+01
3.150000000000000000e+02,-7.540442962817427031e+01
3.152000000000000455e+02,-7.522681338492218117e+01
3.154000000000000341e+02,-7.519822807841282497e+01
3.156000000000000227e+02,-7.536384770599852345e+01
3.158000000000000114e+02,-7.524159709037857624e+01
3.160000000000000000e+02,-7.552683674966947081e+01
3.162000000000000455e+02,-7.582613823457701585e+01
3.164000000000000341e+02,-7.514311101304409135e+01
3.166000000000000227e+02,-7.532056825523621058e+01
3.168000000000000114e+02,-7.546224598039493969e+01
3.170000000000000000e+02,-7.568469050433142797e+01
3.172000000000000455e+02,-7.533311027227395584e+01
3.174000000000000341e+02,-7.532414578413184358e+01
3.176000000000000227e+02,-7.515843333859024256e+01
3.178000000000000114e+02,-7.523330839959523075e+01
3.180000000000000000e+02,-7.513605369797433298e+01
3.182000000000000455e+02,-7.517417784896261423e+01
3.184000000000000341e+02,-7.516599552097402182e+01
3.186000000000000227e+02,-7.528410624316052235e+01
3.188000000000000114e+02,-7.490364396134437186e+01
3.190000000000000000e+02,-7.515569393365572637e+01
3.192000000000000455e+02,-7.551623724653896375e+01
3.194000000000000341e+02,-7.542345820134836742e+01
3.196000000000000227e+02,-7.536493840853685811e+01
3.198000000000000114e+02,-7.543632637869718849e+01
3.200000000000000000e+02,-7.557008526698396622e+01
3.202000000000000455e+02,-7.439552263907386020e+01
3.204000000000000341e+02,-7.543526621911098573e+01
3.206000000000000227e+02,-7.554412917775820802e+01
3.208000000000000114e+02,-7.556085948651204376e+01
3.210000000000000000e+02,-7.532870887892076439e+01
3.212000000000000455e+02,-7.484050447368953485e+01
3.214000000000000341e+02,-7.529788773480551356e+01
3.216000000000000227e+02,-7.534470628504186607e+01
3.218000000000000114e+02,-7.495782198451723843e+01
3.220000000000000000e+02,-7.541623435788142160e+01
3.222000000000000455e+02,-7.601759988160951309e+01
3.224000000000000341e+02,-7.559604002924599797e+01
3.226000000000000227e+02,-7.546544203734116252e+01
3.228000000000000114e+02,-7.553487862991057966e+01
3.230000000000000000e+02,-7.511060981890649657e+01
3.232000000000000455e+02,-7.496786239341111013e+01
3.234000000000000341e+02,-7.541101766081715141e+01
3.236000000000000227e+02,-7.538823772404194301e+01
3.238000000000000114e+02,-7.577980593270055465e+01
3.240000000000000000e+02,-7.543060362797596952e+01
3.242000000000000455e+02,-7.528179827487345221e+01
3.244000000000000341e+02,-7.508826482048633011e+01
3.246000000000000227e+02,-7.500279369416128361e+01
3.248000000000000114e+02,-7.539639929258397899e+01
3.250000000000000000e+02,-7.536155533506597237e+01
3.252000000000000455e+02,-7.494329907199072238e+01
3.254000000000000341e+02,-7.484734779825126338e+01
3.256000000000000227e+02,-7.544082033705936396e+01
3.258000000000000114e+02,-7.533707610821360845e+01
3.260000000000000000e+02,-7.558818112374103748e+01
3.262000000000000455e+02,-7.526503055675166820e+01
3.264000000000000341e+02,-7.519309418281596891e+01
3.266000000000000227e+02,-7.565454134354769167e+01
3.268000000000000114e+02,-7.517405365490532176e+01
3.270000000000000000e+02,-7.501369579308152424e+01
3.272000000000000455e+02,-7.523518696857061627e+01
3.274000000000000341e+02,-7.505420810199490234e+01
3.276000000000000227e+02,-7.531050186212110020e+01
3.278000000000000114e+02,-7.503001726251012826e+01
3.280000000000000000e+02,-7.549851591116866700e+01
3.282000000000000455e+02,-7.530699423753955557e+01
3.284000000000000341e+02,-7.513100796666219594e+01
3.286000000000000227e+02,-7.540179892047066801e+01
3.288000000000000114e+02,-7.520623561903319398e+01
3.290000000000000000e+02,-7.517895637298730094e+01
3.292000000000000455e+02,-7.500961619872849440e+01
3.294000000000000341e+02,-7.540679537698275681e+01
3.296000000000000227e+02,-7.525689525128684920e+01
3.298000000000000114e+02,-7.510603362262931171e+01
3.300000000000000000e+02,-7.477726500665684739e+01
3.302000000000000455e+02,-7.510093313132439619e+01
3.304000000000000341e+02,-7.515018700102494620e+01
3.306000000000000227e+02,-7.561083838923990186e+01
3.308000000000000114e+02,-7.495401832305138612e+01
3.310000000000000000e+02,-7.537224884010255721e+01
3.312000000000000455e+02,-7.498752085385194732e+01
3.314000000000000341e+02,-7.507941595872267726e+01
3.316000000000000227e+02,-7.536757803147455093e+01
3.318000000000000114e+02,-7.497497648704134576e+01
3.320000000000000000e+02,-7.550484051546172282e+01
3.322000000000000455e+02,-7.556826536555450957e+01
3.324000000000000341e+02,-7.506581368730361703e+01
3.326000000000000227e+02,-7.564331775687487891e+01
3.328000000000000114e+02,-7.518580649158289475e+01
3.330000000000000000e+02,-7.508124974962476017e+01
3.332000000000000455e+02,-7.556375445408625069e+01
3.334000000000000341e+02,-7.565087129958061496e+01
3.336000000000000227e+02,-7.549830265275826946e+01
3.338000000000000114e+02,-7.522046500814407466e+01
3.340000000000000000e+02,-7.559365601950995028e+01
3.342000000000000455e+02,-7.490754043820592756e+01
3.344000000000000341e+02,-7.504742308251088900e+01
3.346000000000000227e+02,-7.511729170374623266e+01
3.348000000000000114e+02,-7.535142733331234410e+01
3.350000000000000000e+02,-7.518847745773624069e+01
3.352000000000000455e+02,-7.496771399465704633e+01
3.354000000000000341e+02,-7.487120681029891500e+01
3.356000000000000227e+02,-7.577322527097754801e+01
3.358000000000000114e+02,-7.527278666444887278e+01
3.360000000000000000e+02,-7.522316052022374322e+01
3.362000000000000455e+02,-7.499950191300202107e+01
3.364000000000000341e+02,-7.497925698565447306e+01
3.366000000000000227e+02,-7.515525599048375227e+01
3.368000000000000114e+02,-7.554358381979811554e+01
3.370000000000000000e+02,-7.534209454363971759e+01
3.372000000000000455e+02,-7.515202463120867549e+01
3.374000000000000341e+02,-7.561313895247154448e+01
3.376000000000000227e+02,-7.540650783289743231e+01
3.378000000000000114e+02,-7.534787502800126902e+01
3.380000000000000000e+02,-7.502243925765952781e+01
3.382000000000000455e+02,-7.496681592968575103e+01
3.384000000000000341e+02,-7.549018508936121918e+01
3.386000000000000227e+02,-7.513281110779328742e+01
3.388000000000000114e+02,-7.498737999649522123e+01
3.390000000000000000e+02,-7.521700145283504924e+01
3.392000000000000455e+02,-7.563198336849669090e+01
3.394000000000000341e+02,-7.521938673343537118e+01
3.396000000000000227e+02,-7.549001467280363897e+01
3.398000000000000114e+02,-7.546520597658368956e+01
3.400000000000000000e+02,-7.511251660654444606e+01
3.402000000000000455e+02,-7.511665027684276197e+01
3.404000000000000341e+02,-7.486758406269392196e+01
3.406000000000000227e+02,-7.511035707544823481e+01
3.408000000000000114e+02,-7.521071530716139364e+01
3.410000000000000000e+02,-7.505083599360857249e+01
3.412000000000000455e+02,-7.535137624375938969e+01
3.414000000000000341e+02,-7.532230948909186452e+01
3.416000000000000227e+02,-7.515373284358690853e+01
3.418000000000000114e+02,-7.545753336053707017e+01
3.420000000000000000e+02,-7.510229237187043339e+01
3.422000000000000455e+02,-7.490228224115416822e+01
3.424000000000000341e+02,-7.493845379683797603e+01
3.426000000000000227e+02,-7.491926916958468041e+01
3.428000000000000114e+02,-7.531647961147653803e+01
3.430000000000000000e+02,-7.510849523687122087e+01
3.432000000000000455e+02,-7.520924644003986259e+01
3.434000000000000341e+02,-7.538415117845475777e+01
3.436000000000000227e+02,-7.518858448009208928e+01
3.438000000000000114e+02,-7.563827590133703893e+01
3.440000000000000000e+02,-7.530023485499273761e+01
3.442000000000000455e+02,-7.547751485822973905e+01
3.444000000000000341e+02,-7.528730446654003572e+01
3.446000000000000227e+02,-7.555496556952049048e+01
3.448000000000000114e+02,-7.509989295786736818e+01
3.450000000000000000e+02,-7.537997528384860857e+01
3.452000000000000455e+02,-7.531294803381986469e+01
3.454000000000000341e+02,-7.555329707009151718e+01
3.456000000000000227e+02,-7.510919517335801743e+01
3.458000000000000114e+02,-7.529601910042806878e+01
3.460000000000000000e+02,-7.488689562943798705e+01
3.462000000000000455e+02,-7.484891947508667442e+01
3.464000000000000341e+02,-7.509114676513075892e+01
3.466000000000000227e+02,-7.523083548760975248e+01
3.468000000000000114e+02,-7.514562725548091748e+01
3.470000000000000000e+02,-7.529984431033162195e+01
3.472000000000000455e+02,-7.537910650630738019e+01
3.474000000000000341e+02,-7.513350081200523789e+01
3.476000000000000227e+02,-7.532849651064152852e+01
3.478000000000000114e+02,-7.540334429367950975e+01
3.480000000000000000e+02,-7.512665938070944094e+01
3.482000000000000455e+02,-7.494255118231436086e+01
3.484000000000000341e+02,-7.526911174205747557e+01
3.486000000000000227e+02,-7.558007790320455399e+01
3.488000000000000114e+02,-7.602581813240323072e+01
3.490000000000000000e+02,-7.501429903379870723e+01
3.492000000000000455e+02,-7.482062107480875568e+01
3.494000000000000341e+02,-7.503619453685645624e+01
3.496000000000000227e+02,-7.545767378670119285e+01
3.498000000000000114e+02,-7.514685675606506265e+01
3.500000000000000000e+02,-7.503391051634650921e+01
3.502000000000000455e+02,-7.519950198810145992e+01
3.504000000000000341e+02,-7.519259209063059757e+01
3.506000000000000227e+02,-7.532969792570449385e+01
3.508000000000000114e+02,-7.553720862369405609e+01
3.510000000000000000e+02,-7.532695629402128645e+01
3.512000000000000455e+02,-7.528361252935421533e+01
3.514000000000000341e+02,-7.543321392625443877e+01
3.516000000000000227e+02,-7.504489489747005848e+01
3.518000000000000114e+02,-7.510989930882806220e+01
3.520000000000000000e+02,-7.563123380168482868e+01
3.522000000000000455e+02,-7.523776172598709877e+01
3.524000000000000341e+02,-7.480949656240809986e+01
3.526000000000000227e+02,-7.529887481675838501e+01
3.528000000000000114e+02,-7.571280883165078990e+01
3.530000000000000000e+02,-7.520847256851155294e+01
3.532000000000000455e+02,-7.567844140936649922e+01
3.534000000000000341e+02,-7.527734153190638722e+01
3.536000000000000227e+02,-7.577309981448235021e+01
3.538000000000000114e+02,-7.539156286251066774e+01
3.540000000000000000e+02,-7.518955655863742038e+01
3.542000000000000455e+02,-7.541277716822013133e+01
3.544000000000000341e+02,-7.533353139032800527e+01
3.546000000000000227e+02,-7.562655051350138535e+01
3.548000000000000114e+02,-7.554123988874313511e+01
3.550000000000000000e+02,-7.494538114012949848e+01
3.552000000000000455e+02,-7.477406324143444749e+01
3.554000000000000341e+02,-7.512840012118189748e+01
3.556000000000000227e+02,-7.537016365309968080e+01
3.558000000000000114e+02,-7.493020613013942466e+01
3.560000000000000000e+02,-7.550960400666330941e+01
3.562000000000000455e+02,-7.542844589693049784e+01
3.564000000000000341e+02,-7.444352745568515672e+01
3.566000000000000227e+02,-7.515250759168532113e+01
3.568000000000000114e+02,-7.496251017952808127e+01
3.570000000000000000e+02,-7.490303868179454128e+01
3.572000000000000455e+02,-7.536421076148215548e+01
3.574000000000000341e+02,-7.565534727714481278e+01
3.576000000000000227e+02,-7.518202307803393580e+01
3.578000000000000114e+02,-7.511900496614612166e+01
3.580000000000000000e+02,-7.554051577743770451e+01
3.582000000000000455e+02,-7.518155417551376729e+01
3.584000000000000341e+02,-7.522377132400986000e+01
3.586000000000000227e+02,-7.534296917732304166e+01
3.588000000000000114e+02,-7.509333747756465982e+01
3.590000000000000000e+02,-7.551487770934377863e+01
3.592000000000000455e+02,-7.517370910341537638e+01
3.594000000000000341e+02,-7.502797394213503424e+01
3.596000000000000227e+02,-7.532711619450574858e+01
3.598000000000000114e+02,-7.548324163492571870e+01
3.600000000000000000e+02,-7.539611836143356527e+01
3.602000000000000455e+02,-7.513110332801339553e+01
3.604000000000000341e+02,-7.537746573518202808e+01
3.606000000000000227e+02,-7.491492408227945532e+01
3.608000000000000114e+02,-7.596773110699693632e+01
3.610000000000000000e+02,-7.494930812422134636e+01
3.612000000000000455e+02,-7.497690444503865592e+01
3.614000000000000341e+02,-7.472723535027641617e+01
3.616000000000000227e+02,-7.522242440994931201e+01
3.618000000000000114e+02,-7.542488554164258119e+01
3.620000000000000000e+02,-7.534510817014395911e+01
3.622000000000000455e+02,-7.518159493739364052e+01
3.624000000000000341e+02,-7.502858981573487540e+01
3.626000000000000227e+02,-7.542503534783735120e+01
3.628000000000000114e+02,-7.490368400378716274e+01
3.630000000000000000e+02,-7.517455097204413050e+01
3.632000000000000455e+02,-7.513146699905998105e+01
3.634000000000000341e+02,-7.511318213037866087e+01
3.636000000000000227e+02,-7.565887615230519714e+01
3.638000000000000114e+02,-7.535474325416973329e+01
3.640000000000000000e+02,-7.532172283986560046e+01
3.642000000000000455e+02,-7.522096104408606720e+01
3.644000000000000341e+02,-7.536682499173650740e+01
3.646000000000000227e+02,-7.497384782465783815e+01
3.648000000000000114e+02,-7.565415747654219558e+01
3.650000000000000000e+02,-7.561183079760645853e+01
3.652000000000000455e+02,-7.518946906385760087e+01
3.654000000000000341e+02,-7.520777868925449638e+01
3.656000000000000227e+02,-7.503889542887245057e+01
3.658000000000000114e+02,-7.526775034058243818e+01
3.660000000000000000e+02,-7.526282143959686266e+01
3.662000000000000455e+02,-7.545812887261622848e+01
3.664000000000000341e+02,-7.542845756125645096e+01
3.666000000000000227e+02,-7.526606555215160199e+01
3.668000000000000114e+02,-7.495829076532623958e+01
3.670000000000000000e+02,-7.505155465170979312e+01
3.672000000000000455e+02,-7.570957015157640058e+01
3.674000000000000341e+02,-7.490759446323863813e+01
3.676000000000000227e+02,-7.550566626978005047e+01
3.678000000000000114e+02,-7.484354192013066154e+01
3.680000000000000000e+02,-7.537013190773498650e+01
3.682000000000000455e+02,-7.485250636877020725e+01
3.684000000000000341e+02,-7.529464155480728493e+01
3.686000000000000227e+02,-7.507587286337233934e+01
3.688000000000000114e+02,-7.529218118372328661e+01
3.690000000000000000e+02,-7.511505106168483792e+01
3.692000000000000455e+02,-7.542904288751172714e+01
3.694000000000000341e+02,-7.534411383538420637e+01
3.696000000000000227e+02,-7.550833149200872185e+01
3.698000000000000114e+02,-7.557720811556754370e+01
3.700000000000000000e+02,-7.549892875636523115e+01
3.702000000000000455e+02,-7.510896457251504899e+01
3.704000000000000341e+02,-7.495788931669885358e+01
3.706000000000000227e+02,-7.552927931945518480e+01
3.708000000000000114e+02,-7.497392518096494030e+01
3.710000000000000000e+02,-7.557962336398659886e+01
3.712000000000000455e+02,-7.535080826842624901e+01
3.714000000000000341e+02,-7.535520883680381132e+01
3.716000000000000227e+02,-7.509652907008455713e+01
3.718000000000000114e+02,-7.496125418940980012e+01
3.720000000000000000e+02,-7.521347459216440257e+01
3.722000000000000455e+02,-7.536601405927390829e+01
3.724000000000000341e+02,-7.535312887367632584e+01
3.726000000000000227e+02,-7.539707269584567939e+01
3.728000000000000114e+02,-7.520279943593199334e+01
3.730000000000000000e+02,-7.543428043178491293e+01
3.732000000000000455e+02,-7.517157822819613955e+01
3.734000000000000341e+02,-7.517095968322637134e+01
3.736000000000000227e+02,-7.534685160544594851e+01
3.738000000000000114e+02,-7.524852205177867859e+01
3.740000000000000000e+02,-7.525122999191285089e+01
3.742000000000000455e+02,-7.506926103072174783e+01
3.744000000000000341e+02,-7.516136429295472965e+01
3.746000000000000227e+02,-7.546066722161044993e+01
3.748000000000000114e+02,-7.524476332113037813e+01
3.750000000000000000e+02,-7.514952561145166499e+01
3.752000000000000455e+02,-7.556124530219153712e+01
3.754000000000000341e+02,-7.531232565541615998e+01
3.756000000000000227e+02,-7.569539399255445744e+01
3.758000000000000114e+02,-7.504962878973681484e+01
3.760000000000000000e+02,-7.464730734897841558e+01
3.762000000000000455e+02,-7.530683410215043239e+01
3.764000000000000341e+02,-7.492418891792824809e+01
3.766000000000000227e+02,-7.510973261772245735e+01
3.768000000000000114e+02,-7.512039406443273037e+01
3.770000000000000000e+02,-7.498594366705653158e+01
3.772000000000000455e+02,-7.546298793053433940e+01
3.774000000000000341e+02,-7.515057797338901935e+01
3.776000000000000227e+02,-7.506063690107339426e+01
3.778000000000000114e+02,-7.519973363427548918e+01
3.780000000000000000e+02,-7.497811591282888344e+01
3.782000000000000455e+02,-7.519695059560706341e+01
3.784000000000000341e+02,-7.515128000457724511e+01
3.786000000000000227e+02,-7.529919621174086330e+01
3.788000000000000114e+02,-7.531787284969125551e+01
3.790000000000000000e+02,-7.492691459626533401e+01
3.792000000000000455e+02,-7.500184882487999971e+01
3.794000000000000341e+02,-7.556265212762772876e+01
3.796000000000000227e+02,-7.534289941542903080e+01
3.798000000000000114e+02,-7.547913312209115588e+01
3.800000000000000000e+02,-7.530986460307680375e+01
3.802000000000000455e+02,-7.516647568593829476e+01
3.804000000000000341e+02,-7.510415618338049626e+01
3.806000000000000227e+02,-7.475345270224785565e+01
3.808000000000000114e+02,-7.464639034858250000e+01
3.810000000000000000e+02,-7.579020241366416144e+01
3.812000000000000455e+02,-7.532798364766085797e+01
3.814000000000000341e+02,-7.506732284591043936e+01
3.816000000000000227e+02,-7.517229853122290706e+01
3.818000000000000114e+02,-7.541056200817655508e+01
3.820000000000000000e+02,-7.548108683186167411e+01
3.822000000000000455e+02,-7.507877722064098691e+01
3.824000000000000341e+02,-7.514917064691294968e+01
3.826000000000000227e+02,-7.509185963419047027e+01
3.828000000000000114e+02,-7.505814844485166759e+01
3.830000000000000000e+02,-7.517305453734178400e+01
3.832000000000000455e+02,-7.514647099012105969e+01
3.834000000000000341e+02,-7.508975354843722982e+01
3.836000000000000227e+02,-7.561895035464058878e+01
3.838000000000000114e+02,-7.494104685925172760e+01
3.840000000000000000e+02,-7.526019709586883266e+01
3.842000000000000455e+02,-7.553742376235855716e+01
3.844000000000000341e+02,-7.518914313620219048e+01
3.846000000000000227e+02,-7.497674468837904271e+01
3.848000000000000114e+02,-7.523834109195502151e+01
3.850000000000000000e+02,-7.512338234382916369e+01
3.852000000000000455e+02,-7.534384266568494581e+01
3.854000000000000341e+02,-7.494535465767894777e+01
3.856000000000000227e+02,-7.560877826961625203e+01
3.858000000000000114e+02,-7.539631716423910746e+01
3.860000000000000000e+02,-7.531777708352345257e+01
3.862000000000000455e+02,-7.508037403791774977e+01
3.864000000000000341e+02,-7.504834466971458085e+01
3.866000000000000227e+02,-7.541439583351741760e+01
3.868000000000000114e+02,-7.526952996693773912e+01
3.870000000000000000e+02,-7.528500763543523533e+01
3.872000000000000455e+02,-7.519675717304598095e+01
3.874000000000000341e+02,-7.548370672637808809e+01
3.876000000000000227e+02,-7.523657222922021504e+01
3.878000000000000114e+02,-7.537078410004697560e+01
3.880000000000000000e+02,-7.517318378287640712e+01
3.882000000000000455e+02,-7.559009417137116316e+01
3.884000000000000341e+02,-7.519423702774308538e+01
3.886000000000000227e+02,-7.562042896763291822e+01
3.888000000000000114e+02,-7.549189971070862271e+01
3.890000000000000000e+02,-7.537228762739144372e+01
3.892000000000000455e+02,-7.510995915987147953e+01
3.894000000000000341e+02,-7.529328216545853536e+01
3.896000000000000227e+02,-7.518937606695023135e+01
3.898000000000000114e+02,-7.516626644020051629e+01
3.900000000000000000e+02,-7.516501483667802574e+01
3.902000000000000455e+02,-7.532492221398597110e+01
3.904000000000000341e+02,-7.541393801800752783e+01
3.906000000000000227e+02,-7.536768145792017037e+01
3.908000000000000114e+02,-7.568260154436137555e+01
3.910000000000000000e+02,-7.511019750153351993e+01
3.912000000000000455e+02,-7.539780732686622855e+01
3.914000000000000341e+02,-7.500600442106591004e+01
3.916000000000000227e+02,-7.565282484349756942e+01
3.918000000000000114e+02,-7.515246960909554730e+01
3.920000000000000000e+02,-7.515034044877108954e+01
3.922000000000000455e+02,-7.556737996287284886e+01
3.924000000000000341e+02,-7.520370906746559569e+01
3.926000000000000227e+02,-7.552378081249382547e+01
3.928000000000000114e+02,-7.488178270024678795e+01
3.930000000000000000e+02,-7.484582537270216562e+01
3.932000000000000455e+02,-7.493751442720851230e+01
3.934000000000000341e+02,-7.534262491690709851e+01
3.936000000000000227e+02,-7.541444964333309997e+01
3.938000000000000114e+02,-7.551039776449317742e+01
3.940000000000000000e+02,-7.534701141219251497e+01
3.942000000000000455e+02,-7.555423089326168906e+01
3.944000000000000341e+02,-7.520312975726207583e+01
3.946000000000000227e+02,-7.493358366332513754e+01
3.948000000000000114e+02,-7.527715455452400306e+01
3.950000000000000000e+02,-7.530295609400081958e+01
3.952000000000000455e+02,-7.528067209726053477e+01
3.954000000000000341e+02,-7.518440879961366363e+01
3.956000000000000227e+02,-7.557561923183926922e+01
3.958000000000000114e+02,-7.517479924911167188e+01
3.960000000000000000e+02,-7.559272472747841221e+01
3.962000000000000455e+02,-7.556496184157774110e+01
3.964000000000000341e+02,-7.483081634192853926e+01
3.966000000000000227e+02,-7.560412170201109916e+01
3.968000000000000114e+02,-7.561514104960892269e+01
3.970000000000000000e+02,-7.523744228509680454e+01
3.972000000000000455e+02,-7.531544218230739318e+01
3.974000000000000341e+02,-7.545221790473318890e+01
3.976000000000000227e+02,-7.553739539304440598e+01
3.978000000000000114e+02,-7.535624920246499414e+01
3.980000000000000000e+02,-7.551308458879375962e+01
3.982000000000000455e+02,-7.533736587378800209e+01
3.984000000000000341e+02,-7.563638622128195266e+01
3.986000000000000227e+02,-7.548846203338881367e+01
3.988000000000000114e+02,-7.541639812194571846e+01
3.990000000000000000e+02,-7.534141744052712397e+01
3.992000000000000455e+02,-7.575996820560744993e+01
3.994000000000000341e+02,-7.452183070495188133e+01
3.996000000000000227e+02,-7.483431812795278404e+01
3.998000000000000114e+02,-7.503646255467516824e+01
4.000000000000000000e+02,-7.575810073131914635e+01
4.002000000000000455e+02,-7.517597765557268019e+01
4.004000000000000341e+02,-7.499115295754593546e+01
4.006000000000000227e+02,-7.561532007813401890e+01
4.008000000000000114e+02,-7.491306581908834517e+01
4.010000000000000000e+02,-7.521315563099223311e+01
4.012000000000000455e+02,-7.537403448699600972e+01
4.014000000000000341e+02,-7.517034540304098300e+01
4.016000000000000227e+02,-7.520352944861335232e+01
4.018000000000000114e+02,-7.509040279526477946e+01
4.020000000000000000e+02,-7.534589559764167177e+01
4.022000000000000455e+02,-7.542658476515592270e+01
4.024000000000000341e+02,-7.556243892163359988e+01
4.026000000000000227e+02,-7.519618695499440264e+01
4.028000000000000114e+02,-7.482465900273345483e+01
4.030000000000000000e+02,-7.559883796449521753e+01
4.032000000000000455e+02,-7.521735032566760992e+01
4.034000000000000341e+02,-7.473648183335177464e+01
4.036000000000000227e+02,-7.535931503583422852e+01
4.038000000000000114e+02,-7.551552165579053622e+01
4.040000000000000000e+02,-7.518562253019885588e+01
4.042000000000000455e+02,-7.513504661276985530e+01
4.044000000000000341e+02,-7.518600486860022158e+01
4.046000000000000227e+02,-7.501482070417462467e+01
4.048000000000000114e+02,-7.516916879654401384e+01
4.050000000000000000e+02,-7.536777617082883296e+01
4.052000000000000455e+02,-7.565140603895176241e+01
4.054000000000000341e+02,-7.537581340071203329e+01
4.056000000000000227e+02,-7.469164198527353449e+01
4.058000000000000114e+02,-7.536261047490332032e+01
4.060000000000000000e+02,-7.486213552068548438e+01
4.062000000000000455e+02,-7.537504371988090668e+01
4.064000000000000341e+02,-7.501189674829157639e+01
4.066000000000000227e+02,-7.526513395840171938e+01
4.068000000000000114e+02,-7.539125924311601068e+01
4.070000000000000000e+02,-7.468725500522653249e+01
4.072000000000000455e+02,-7.531303009577365515e+01
4.074000000000000341e+02,-7.523561474770521329e+01
4.076000000000000227e+02,-7.522153041067133472e+01
4.078000000000000114e+02,-7.536611005352830261e+01
4.080000000000000000e+02,-7.519761686211904816e+01
4.082000000000000455e+02,-7.532018003330499312e+01
4.084000000000000341e+02,-7.534157271411642398e+01
4.086000000000000227e+02,-7.523853060491212830e+01
4.088000000000000114e+02,-7.538127169169668207e+01
4.090000000000000000e+02,-7.497308408368898824e+01
4.092000000000000455e+02,-7.503336104006939422e+01
4.094000000000000341e+02,-7.499685630930814284e+01
4.096000000000000227e+02,-7.504396037362093352e+01
4.098000000000000114e+02,-7.483789194208409867e+01
4.100000000000000000e+02,-7.480054601102551715e+01
4.102000000000000455e+02,-7.498558513911237355e+01
4.104000000000000341e+02,-7.570777565727172487e+01
4.106000000000000227e+02,-7.494876905032927539e+01
4.108000000000000114e+02,-7.533907889399823432e+01
4.110000000000000000e+02,-7.546439131950874923e+01
4.112000000000000455e+02,-7.545702447545158975e+01
4.114000000000000341e+02,-7.510762119537800174e+01
4.116000000000000227e+02,-7.526550900613433726e+01
4.118000000000000114e+02,-7.514228338135617946e+01
4.120000000000000000e+02,-7.562377845956866906e+01
4.122000000000000455e+02,-7.562394266599042680e+01
4.124000000000000341e+02,-7.487512427253079750e+01
4.126000000000000227e+02,-7.534850868911787813e+01
4.128000000000000114e+02,-7.518997515097267126e+01
4.130000000000000000e+02,-7.487112063711128940e+01
4.132000000000000455e+02,-7.565909126092391546e+01
4.134000000000000341e+02,-7.533803947750379848e+01
4.136000000000000227e+02,-7.527192275253310072e+01
4.138000000000000114e+02,-7.542483415958884052e+01
4.140000000000000000e+02,-7.548496529975905389e+01
4.142000000000000455e+02,-7.502168722664988820e+01
4.144000000000000341e+02,-7.529640939809465294e+01
4.146000000000000227e+02,-7.509035902867555023e+01
4.148000000000000114e+02,-7.449197034983603771e+01
4.150000000000000000e+02,-7.502139089358814772e+01
4.152000000000000455e+02,-7.566272847515719491e+01
4.154000000000000341e+02,-7.516278682443646630e+01
4.156000000000000227e+02,-7.529329724788242117e+01
4.158000000000000114e+02,-7.527764228551423287e+01
4.160000000000000000e+02,-7.570280625716512191e+01
4.162000000000000455e+02,-7.550259546868903726e+01
4.164000000000000341e+02,-7.555374152212662864e+01
4.166000000000000227e+02,-7.510905462961260071e+01
4.168000000000000114e+02,-7.478776437034485980e+01
4.170000000000000000e+02,-7.497135595075803849e+01
4.172000000000000455e+02,-7.525001298425952712e+01
4.174000000000000341e+02,-7.554990881903393074e+01
4.176000000000000227e+02,-7.557220183145277304e+01
4.178000000000000114e+02,-7.537441025495493818e+01
4.180000000000000000e+02,-7.549028003049377844e+01
4.182000000000000455e+02,-7.495390185063719457e+01
4.184000000000000341e+02,-7.518362259140435810e+01
4.186000000000000227e+02,-7.526609792316293124e+01
4.188000000000000114e+02,-7.495134168620975856e+01
4.190000000000000000e+02,-7.486420547359334421e+01
4.192000000000000455e+02,-7.533840214369961075e+01
4.194000000000000341e+02,-7.503550882793192045e+01
4.196000000000000227e+02,-7.499947919336206326e+01
4.198000000000000114e+02,-7.510870185412413491e+01
4.200000000000000000e+02,-7.538768055327582829e+01
4.202000000000000455e+02,-7.520430019186477466e+01
4.204000000000000341e+02,-7.477586658731033253e+01
4.206000000000000227e+02,-7.493995166062815372e+01
4.208000000000000114e+02,-7.511814547680181420e+01
4.210000000000000000e+02,-7.533055323571801409e+01
4.212000000000000455e+02,-7.526172503764077248e+01
4.214000000000000341e+02,-7.510010501015229067e+01
4.216000000000000227e+02,-7.506765393632612415e+01
4.218000000000000114e+02,-7.518294349410051325e+01
4.220000000000000000e+02,-7.538449266289003958e+01
4.222000000000000455e+02,-7.518056516349203378e+01
4.224000000000000341e+02,-7.497445287556303128e+01
4.226000000000000227e+02,-7.498511663616024236e+01
4.228000000000000114e+02,-7.519852911686393782e+01
4.230000000000000000e+02,-7.515967391160293687e+01
4.232000000000000455e+02,-7.512919301363872648e+01
4.234000000000000341e+02,-7.522310680339727185e+01
4.236000000000000227e+02,-7.526643008349945774e+01
4.238000000000000114e+02,-7.477108951853497842e+01
4.240000000000000000e+02,-7.544205750468451299e+01
4.242000000000000455e+02,-7.520894271752716520e+01
4.244000000000000341e+02,-7.511742785784659304e+01
4.246000000000000227e+02,-7.468722924069352587e+01
4.248000000000000114e+02,-7.518750108379390440e+01
4.250000000000000000e+02,-7.512418754978189384e+01
4.252000000000000455e+02,-7.520191077952405578e+01
4.254000000000000341e+02,-7.468307763949702860e+01
4.256000000000000227e+02,-7.544268188046163459e+01
4.258000000000000114e+02,-7.533946122000104140e+01
4.260000000000000000e+02,-7.505740559097536391e+01
4.262000000000000455e+02,-7.540023495501229434e+01
4.264000000000000341e+02,-7.518569823844161704e+01
4.266000000000000227e+02,-7.545399066084011963e+01
4.268000000000000114e+02,-7.513058829938920269e+01
4.270000000000000000e+02,-7.486214935484261446e+01
4.272000000000000455e+02,-7.526585668546863417e+01
4.274000000000000341e+02,-7.510999961389636326e+01
4.276000000000000227e+02,-7.523634099791891572e+01
4.278000000000000114e+02,-7.545572789923262746e+01
4.280000000000000000e+02,-7.532291375482299145e+01
4.282000000000000455e+02,-7.505611963808864573e+01
4.284000000000000341e+02,-7.532649780306988418e+01
4.286000000000000227e+02,-7.539816597507228835e+01
4.288000000000000114e+02,-7.535352296665473659e+01
4.290000000000000000e+02,-7.485869310435899138e+01
4.292000000000000455e+02,-7.449899438244869998e+01
4.294000000000000341e+02,-7.501359861723432232e+01
4.296000000000000227e+02,-7.541194178116057856e+01
4.298000000000000114e+02,-7.523167268403386743e+01
4.300000000000000000e+02,-7.551026440952060170e+01
4.302000000000000455e+02,-7.529805625799811253e+01
4.304000000000000341e+02,-7.542922361230189665e+01
4.306000000000000227e+02,-7.541079377102282422e+01
4.308000000000000114e+02,-7.518662716250996425e+01
4.310000000000000000e+02,-7.486200783531620573e+01
4.312000000000000455e+02,-7.532771629851292516e+01
4.314000000000000341e+02,-7.513136885184935920e+01
4.316000000000000227e+02,-7.525245182152018231e+01
4.318000000000000114e+02,-7.506854657459183500e+01
4.320000000000000000e+02,-7.549334354022683158e+01
4.322000000000000455e+02,-7.493290239330509905e+01
4.324000000000000341e+02,-7.533954358145314245e+01
4.326000000000000227e+02,-7.518304090767867365e+01
4.328000000000000114e+02,-7.535915213795796319e+01
4.330000000000000000e+02,-7.570447038171728593e+01
4.332000000000000455e+02,-7.528399342665576910e+01
4.334000000000000341e+02,-7.474429659469799958e+01
4.336000000000000227e+02,-7.509807519017680022e+01
4.338000000000000114e+02,-7.517766130021827564e+01
4.340000000000000000e+02,-7.522974627741578502e+01
4.342000000000000455e+02,-7.486393622401702430e+01
4.344000000000000341e+02,-7.556160690259598312e+01
4.346000000000000227e+02,-7.530376335457545167e+01
4.348000000000000114e+02,-7.516196957112266830e+01
4.350000000000000000e+02,-7.530660335535652905e+01
4.352000000000000455e+02,-7.521250358923447266e+01
4.354000000000000341e+02,-7.503366129601180035e+01
4.356000000000000227e+02,-7.463017775010014532e+01
4.358000000000000114e+02,-7.484213297658985198e+01
4.360000000000000000e+02,-7.496167922855767074e+01
4.362000000000000455e+02,-7.515008310363636213e+01
4.364000000000000341e+02,-7.551166131053535935e+01
4.366000000000000227e+02,-7.513688491096446853e+01
4.368000000000000114e+02,-7.523898664226123856e+01
4.370000000000000000e+02,-7.542048426229007418e+01
4.372000000000000455e+02,-7.574099733123266276e+01
4.374000000000000341e+02,-7.547684399637367392e+01
4.376000000000000227e+02,-7.495397302073665458e+01
4.378000000000000114e+02,-7.539255819627075539e+01
4.380000000000000000e+02,-7.504327286264563668e+01
4.382000000000000455e+02,-7.563019835968381699e+01
4.384000000000000341e+02,-7.517069174706740853e+01
4.386000000000000227e+02,-7.531516467713304053e+01
4.388000000000000114e+02,-7.494802831574442337e+01
4.390000000000000000e+02,-7.501663283774939828e+01
4.392000000000000455e+02,-7.481318487927093486e+01
4.394000000000000341e+02,-7.526090219075594234e+01
4.396000000000000227e+02,-7.494501061992208690e+01
4.398000000000000114e+02,-7.494030905244130736e+01
4.400000000000000000e+02,-7.551952113337617334e+01
4.402000000000000455e+02,-7.491578810539959932e+01
4.404000000000000341e+02,-7.498397424635943764e+01
4.406000000000000227e+02,-7.552088456268819527e+01
4.408000000000000114e+02,-7.516504064845800315e+01
4.410000000000000000e+02,-7.563822463054238199e+01
4.412000000000000455e+02,-7.558599126383832356e+01
4.414000000000000341e+02,-7.566219589011615199e+01
4.416000000000000227e+02,-7.540865794075138240e+01
4.418000000000000114e+02,-7.503444753669278100e+01
4.420000000000000000e+02,-7.532453678492662164e+01
4.422000000000000455e+02,-7.513095952893137053e+01
4.424000000000000341e+02,-7.504768810563638226e+01
4.426000000000000227e+02,-7.523427851904288843e+01
4.428000000000000114e+02,-7.539962284554736982e+01
4.430000000000000000e+02,-7.520849745752992987e+01
4.432000000000000455e+02,-7.545691137795299142e+01
4.434000000000000341e+02,-7.561049290992777117e+01
4.436000000000000227e+02,-7.560016589005832088e+01
4.438000000000000114e+02,-7.551023258704113061e+01
4.440000000000000000e+02,-7.553707131443484002e+01
4.442000000000000455e+02,-7.508275428323520373e+01
4.444000000000000341e+02,-7.484865499906078412e+01
4.446000000000000227e+02,-7.544468601103274352e+01
4.448000000000000114e+02,-7.559160328636149018e+01
4.450000000000000000e+02,-7.535354499841426446e+01
4.452000000000000455e+02,-7.505042960261013718e+01
4.454000000000000341e+02,-7.518228422991791149e+01
4.456000000000000227e+02,-7.543659000913625334e+01
4.458000000000000114e+02,-7.588479332983106929e+01
4.460000000000000000e+02,-7.513668847748263602e+01
4.462000000000000455e+02,-7.510081675114255972e+01
4.464000000000000341e+02,-7.509883026718556209e+01
4.466000000000000227e+02,-7.517445308220121092e+01
4.468000000000000114e+02,-7.505425134330911874e+01
4.470000000000000000e+02,-7.488802066422606174e+01
4.472000000000000455e+02,-7.570824688851052997e+01
4.474000000000000341e+02,-7.527129135270534732e+01
4.476000000000000227e+02,-7.511318393450478936e+01
4.478000000000000114e+02,-7.562477546489546398e+01
4.480000000000000000e+02,-7.553715607087845285e+01
4.482000000000000455e+02,-7.487839419076581748e+01
4.484000000000000341e+02,-7.523473183721057467e+01
4.486000000000000227e+02,-7.482537467789522623e+01
4.488000000000000114e+02,-7.489092888230180733e+01
4.490000000000000000e+02,-7.527137106484511264e+01
4.492000000000000455e+02,-7.552941123356036712e+01
4.494000000000000341e+02,-7.505358360171136667e+01
4.496000000000000227e+02,-7.505951234221645052e+01
4.498000000000000114e+02,-7.535254085726216999e+01
4.500000000000000000e+02,-7.506259438188496347e+01
4.502000000000000455e+02,-7.508610036817182731e+01
4.504000000000000341e+02,-7.525078045130723581e+01
4.506000000000000227e+02,-7.545562829296099494e+01
4.508000000000000114e+02,-7.506502937058367309e+01
4.510000000000000000e+02,-7.507040946025834671e+01
4.512000000000000455e+02,-7.509349215568688862e+01
4.514000000000000341e+02,-7.518649893452736421e+01
4.516000000000000227e+02,-7.547265494009563724e+01
4.518000000000000114e+02,-7.514134829014204797e+01
4.520000000000000000e+02,-7.510719592076003437e+01
4.522000000000000455e+02,-7.520114897991969372e+01
4.524000000000000341e+02,-7.519058435234911997e+01
4.526000000000000227e+02,-7.536662574340429899e+01
4.528000000000000114e+02,-7.508537450620379161e+01
4.530000000000000000e+02,-7.543933513650110001e+01
4.532000000000000455e+02,-7.512024614781716991e+01
4.534000000000000341e+02,-7.513262387677546883e+01
4.536000000000000227e+02,-7.498708322888501243e+01
4.538000000000000114e+02,-7.529784897233524532e+01
4.540000000000000000e+02,-7.525693335046763366e+01
4.542000000000000455e+02,-7.534871427836428381e+01
4.544000000000000341e+02,-7.511593118790655410e+01
4.546000000000000227e+02,-7.514848456170838631e+01
4.548000000000000114e+02,-7.539314223978854557e+01
4.550000000000000000e+02,-7.539194261179086709e+01
4.552000000000000455e+02,-7.510501522293814958e+01
4.554000000000000341e+02,-7.471434242352350452e+01
4.556000000000000227e+02,-7.502078568385340418e+01
4.558000000000000114e+02,-7.583524325742804706e+01
4.560000000000000000e+02,-7.543620696399652559e+01
4.562000000000000455e+02,-7.550142172747779057e+01
4.564000000000000341e+02,-7.548074029906149462e+01
4.566000000000000227e+02,-7.529273676577837193e+01
4.568000000000000114e+02,-7.509359158206765983e+01
4.570000000000000000e+02,-7.523295557395341859e+01
4.572000000000000455e+02,-7.531260241206868500e+01
4.574000000000000341e+02,-7.507335841708717794e+01
4.576000000000000227e+02,-7.510931787444371821e+01
4.578000000000000114e+02,-7.552547533570329108e+01
4.580000000000000000e+02,-7.570875629674492302e+01
4.582000000000000455e+02,-7.526962154507440061e+01
4.584000000000000341e+02,-7.514203231096958291e+01
4.586000000000000227e+02,-7.495431821725162536e+01
4.588000000000000114e+02,-7.546914145520999284e+01
4.590000000000000000e+02,-7.488447296190965119e+01
4.592000000000000455e+02,-7.526835533421059665e+01
4.594000000000000341e+02,-7.529762055603789861e+01
4.596000000000000227e+02,-7.527921806885984779e+01
4.598000000000000114e+02,-7.574212941036786617e+01
4.600000000000000000e+02,-7.510116184967016295e+01
4.602000000000000455e+02,-7.528567985106683125e+01
4.604000000000000341e+02,-7.525147563695949771e+01
4.606000000000000227e+02,-7.542244710140151653e+01
4.608000000000000114e+02,-7.486803859844860654e+01
4.610000000000000000e+02,-7.510740245399617265e+01
4.612000000000000455e+02,-7.511005671566128683e+01
4.614000000000000341e+02,-7.508355301057406450e+01
4.616000000000000227e+02,-7.543830943752450935e+01
4.618000000000000114e+02,-7.504522762413465387e+01
4.620000000000000000e+02,-7.508584489619197200e+01
4.622000000000000455e+02,-7.549523938139758172e+01
4.624000000000000341e+02,-7.533152925263307509e+01
4.626000000000000227e+02,-7.517901524803438917e+01
4.628000000000000114e+02,-7.511244591431456286e+01
4.630000000000000000e+02,-7.487511420801027384e+01
4.632000000000000455e+02,-7.507782791667091260e+01
4.634000000000000341e+02,-7.527239610007484316e+01
4.636000000000000227e+02,-7.511919669210602990e+01
4.638000000000000114e+02,-7.447909405858759158e+01
4.640000000000000000e+02,-7.553866377798647136e+01
4.642000000000000455e+02,-7.539622368789349593e+01
4.644000000000000341e+02,-7.483971984800167832e+01
4.646000000000000227e+02,-7.571871338635219217e+01
4.648000000000000114e+02,-7.540814472505162769e+01
4.650000000000000000e+02,-7.548467484084589785e+01
4.652000000000000455e+02,-7.502108282870590017e+01
4.654000000000000341e+02,-7.509449733153287809e+01
4.656000000000000227e+02,-7.517660345984232606e+01
4.658000000000000114e+02,-7.512246118623724556e+01
4.660000000000000000e+02,-7.535206532744140873e+01
4.662000000000000455e+02,-7.544380281173481251e+01
4.664000000000000341e+02,-7.503949974480659080e+01
4.666000000000000227e+02,-7.498139828188088529e+01
4.668000000000000114e+02,-7.525743105607935490e+01
4.670000000000000000e+02,-7.522785200610026379e+01
4.672000000000000455e+02,-7.505768870668265436e+01
4.674000000000000341e+02,-7.551144932558609923e+01
4.676000000000000227e+02,-7.556116017280265851e+01
4.678000000000000114e+02,-7.516203099615366057e+01
4.680000000000000000e+02,-7.531316058498323684e+01
4.682000000000000455e+02,-7.518276499869953966e+01
4.684000000000000341e+02,-7.544936067694844439e+01
4.686000000000000227e+02,-7.543812402892059765e+01
4.688000000000000114e+02,-7.545991103308298875e+01
4.690000000000000000e+02,-7.521766702405699334e+01
4.692000000000000455e+02,-7.534024450883012491e+01
4.694000000000000341e+02,-7.532469656811809955e+01
4.696000000000000227e+02,-7.521398272406932506e+01
4.698000000000000114e+02,-7.523515893407316923e+01
4.700000000000000000e+02,-7.580226159455858692e+01
4.702000000000000455e+02,-7.535156774911001776e+01
4.704000000000000341e+02,-7.497671488878231116e+01
4.706000000000000227e+02,-7.519914496539935556e+01
4.708000000000000114e+02,-7.584281311324119201e+01
4.710000000000000000e+02,-7.509130764141038128e+01
4.712000000000000455e+02,-7.528734011181725805e+01
4.714000000000000341e+02,-7.534020340812361383e+01
4.716000000000000227e+02,-7.477183829919752611e+01
4.718000000000000114e+02,-7.555456546529933348e+01
4.720000000000000000e+02,-7.507287744057839518e+01
4.722000000000000455e+02,-7.501973003301168319e+01
4.724000000000000341e+02,-7.537389074764895724e+01
4.726000000000000227e+02,-7.537759355819945029e+01
4.728000000000000114e+02,-7.524048842087671574e+01
4.730000000000000000e+02,-7.519985340423566811e+01
4.732000000000000455e+02,-7.566286197068161812e+01
4.734000000000000341e+02,-7.510068429503101584e+01
4.736000000000000227e+02,-7.522406343786431648e+01
4.738000000000000114e+02,-7.503019878236295881e+01
4.740000000000000000e+02,-7.542259418986549235e+01
4.742000000000000455e+02,-7.535015620081679799e+01
4.744000000000000341e+02,-7.570639847654969401e+01
4.746000000000000227e+02,-7.493987227644649352e+01
4.748000000000000114e+02,-7.541712323903909976e+01
4.750000000000000000e+02,-7.539653976817109537e+01
4.752000000000000455e+02,-7.481425863710960300e+01
4.754000000000000341e+02,-7.568300743638079098e+01
4.756000000000000227e+02,-7.504209521069134325e+01
4.758000000000000114e+02,-7.518111422595283955e+01
4.760000000000000000e+02,-7.447060125413133846e+01
4.762000000000000455e+02,-7.542708365575536789e+01
4.764000000000000341e+02,-7.542442283142145243e+01
4.766000000000000227e+02,-7.509031061052121458e+01
4.768000000000000114e+02,-7.521191359022267875e+01
4.770000000000000000e+02,-7.540868191476045013e+01
4.772000000000000455e+02,-7.536260043822798593e+01
4.774000000000000341e+02,-7.504306888354170724e+01
4.776000000000000227e+02,-7.551592180378523267e+01
4.778000000000000114e+02,-7.562175690495210745e+01
4.780000000000000000e+02,-7.504648142140587197e+01
4.782000000000000455e+02,-7.533678041226474420e+01
4.784000000000000341e+02,-7.507298038404263707e+01
4.786000000000000227e+02,-7.539751005209424761e+01
4.788000000000000114e+02,-7.553341436487573901e+01
4.790000000000000000e+02,-7.519701082898035338e+01
4.792000000000000455e+02,-7.523656138374327895e+01
4.794000000000000341e+02,-7.487212518467305244e+01
4.796000000000000227e+02,-7.520637180315746662e+01
4.798000000000000114e+02,-7.526888408032367295e+01
4.800000000000000000e+02,-7.552128390138700809e+01
4.802000000000000455e+02,-7.550210274125706178e+01
4.804000000000000341e+02,-7.533563600535934768e+01
4.806000000000000227e+02,-7.552514085873556837e+01
4.808000000000000114e+02,-7.548382213323444034e+01
4.810000000000000000e+02,-7.510291608110929928e+01
4.812000000000000455e+02,-7.535170699480916312e+01
4.814000000000000341e+02,-7.561846466518481691e+01
4.816000000000000227e+02,-7.460918683689017428e+01
4.818000000000000114e+02,-7.548142647742767508e+01
4.820000000000000000e+02,-7.495890146232234486e+01
4.822000000000000455e+02,-7.556390529323577709e+01
4.824000000000000341e+02,-7.528245732665952517e+01
4.826000000000000227e+02,-7.521656962246538569e+01
4.828000000000000114e+02,-7.556060167938639438e+01
4.830000000000000000e+02,-7.512482537021993778e+01
4.832000000000000455e+02,-7.524352851496783501e+01
4.834000000000000341e+02,-7.518145796935807823e+01
4.836000000000000227e+02,-7.502903591438982289e+01
4.838000000000000114e+02,-7.524481774215502128e+01
4.840000000000000000e+02,-7.511259116811393710e+01
4.842000000000000455e+02,-7.507029839805854010e+01
4.844000000000000341e+02,-7.489787749476649026e+01
4.846000000000000227e+02,-7.511199463516383901e+01
4.848000000000000114e+02,-7.514085959108008694e+01
4.850000000000000000e+02,-7.502198441001689844e+01
4.852000000000000455e+02,-7.550015688241977330e+01
4.854000000000000341e+02,-7.512665163177777572e+01
4.856000000000000227e+02,-7.537005664159359242e+01
4.858000000000000114e+02,-7.500426957390826033e+01
4.860000000000000000e+02,-7.537498732014313418e+01
4.862000000000000455e+02,-7.515873036195358736e+01
4.864000000000000341e+02,-7.578788575630856883e+01
4.866000000000000227e+02,-7.534979104016966289e+01
4.868000000000000114e+02,-7.536903409141650911e+01
4.870000000000000000e+02,-7.526891512082222846e+01
4.872000000000000455e+02,-7.502574793442315126e+01
4.874000000000000341e+02,-7.518749153097455462e+01
4.876000000000000227e+02,-7.545114653811403116e+01
4.878000000000000114e+02,-7.511214537062440399e+01
4.880000000000000000e+02,-7.526234727876880015e+01
4.882000000000000455e+02,-7.510425862625648108e+01
4.884000000000000341e+02,-7.565951490300857074e+01
4.886000000000000227e+02,-7.539125353511821004e+01
4.888000000000000114e+02,-7.481022371640648316e+01
4.890000000000000000e+02,-7.552559474196426947e+01
4.892000000000000455e+02,-7.544987215959059768e+01
4.894000000000000341e+02,-7.531114077921726846e+01
4.896000000000000227e+02,-7.535773431479250917e+01
4.898000000000000114e+02,-7.512485571066798684e+01
4.900000000000000000e+02,-7.547635274123115323e+01
4.902000000000000455e+02,-7.525754494633045510e+01
4.904000000000000341e+02,-7.546615826491803602e+01
4.906000000000000227e+02,-7.498582314487143208e+01
4.908000000000000114e+02,-7.500077475311381647e+01
4.910000000000000000e+02,-7.537189936189297157e+01
4.912000000000000455e+02,-7.500732730207438692e+01
4.914000000000000341e+02,-7.511216152146417357e+01
4.916000000000000227e+02,-7.549480475886259967e+01
4.918000000000000114e+02,-7.529759402142678937e+01
4.920000000000000000e+02,-7.518157205345126215e+01
4.922000000000000455e+02,-7.474585886613715502e+01
4.924000000000000341e+02,-7.500905142185017382e+01
4.926000000000000227e+02,-7.508839775842049846e+01
4.928000000000000114e+02,-7.511486080886305672e+01
4.930000000000000000e+02,-7.529745216233325777e+01
4.932000000000000455e+02,-7.527886686089932766e+01
4.934000000000000341e+02,-7.569333530859597658e+01
4.936000000000000227e+02,-7.526047920151829373e+01
4.938000000000000114e+02,-7.533978811964099975e+01
4.940000000000000000e+02,-7.529773967713869354e+01
4.942000000000000455e+02,-7.531850473650931121e+01
4.944000000000000341e+02,-7.533243168120149846e+01
4.946000000000000227e+02,-7.572487515526982804e+01
4.948000000000000114e+02,-7.533391372114081719e+01
4.950000000000000000e+02,-7.548591199368274829e+01
4.952000000000000455e+02,-7.472155202582257516e+01
4.954000000000000341e+02,-7.535616663257177095e+01
4.956000000000000227e+02,-7.517117913166809728e+01
4.958000000000000114e+02,-7.517032124534318882e+01
4.960000000000000000e+02,-7.544754021299459623e+01
4.962000000000000455e+02,-7.541995139252415470e+01
4.964000000000000341e+02,-7.540976333126820919e+01
4.966000000000000227e+02,-7.545352283829602413e+01
4.968000000000000114e+02,-7.477372618667006066e+01
4.970000000000000000e+02,-7.500433495270031869e+01
4.972000000000000455e+02,-7.507750775916056796e+01
4.974000000000000341e+02,-7.539155109136780197e+01
4.976000000000000227e+02,-7.544383319273831034e+01
4.978000000000000114e+02,-7.495684560437308619e+01
4.980000000000000000e+02,-7.521763873016537616e+01
4.982000000000000455e+02,-7.534235368000364019e+01
4.984000000000000341e+02,-7.529166473047018826e+01
4.986000000000000227e+02,-7.537225327707821521e+01
4.988000000000000114e+02,-7.548462978272374357e+01
4.990000000000000000e+02,-7.499432043324175368e+01
4.992000000000000455e+02,-7.548081078296760893e+01
4.994000000000000341e+02,-7.517915757451936543e+01
4.996000000000000227e+02,-7.548654602471376052e+01
4.998000000000000114e+02,-7.526284683088088912e+01
5.000000000000000000e+02,-7.530315108705816840e+01
